0	0.00303822
0.02	0.007611264
0.04	0.007347063
0.06	0.004091812
0.08	0.00688067
0.1	0.01133171
0.12	0.008023195
0.14	-0.002259484
0.16	0.004381251
0.18	0.004076376
0.2	0.00315703
0.22	0.005084067
0.24	0.000491845
0.26	0.003763381
0.28	0.003348191
0.3	0.000457011
0.32	-0.007366319
0.34	-0.004313847
0.36	0.003346527
0.38	-0.002659521
0.4	-0.000484614
0.42	0.005572963
0.44	-0.00254385
0.46	-0.008108081
0.48	-0.007690487
0.5	-0.003552415
0.52	0.007231492
0.54	0.003865472
0.56	-0.01506318
0.58	0.01975351
0.6	0.02770393
0.62	-0.00220141
0.64	-6.39561E-05
0.66	-0.000372968
0.68	0.002825291
0.7	-0.006834063
0.72	-0.006245992
0.74	-0.0026423
0.76	-0.007944748
0.78	-0.01337624
0.8	-0.007347545
0.82	-0.002790215
0.84	-0.01176066
0.86	-0.02225552
0.88	-0.02689714
0.9	-0.01373623
0.92	-0.007587336
0.94	-0.01187359
0.96	-0.01773426
0.98	-0.0113412
1	-0.01356566
1.02	-0.007595998
1.04	0.008792401
1.06	-0.002303665
1.08	-0.01381441
1.1	-0.002062604
1.12	0.009923236
1.14	-0.00129956
1.16	0.007378285
1.18	0.005836167
1.2	-0.001076835
1.22	-0.006865365
1.24	0.004474374
1.26	-0.006968181
1.28	-0.03690699
1.3	-0.001093119
1.32	-0.03394421
1.34	-0.02615706
1.36	0.01532008
1.38	-0.01329779
1.4	-0.02044834
1.42	-0.01224238
1.44	0.03146815
1.46	0.02411482
1.48	0.01215964
1.5	0.02141474
1.52	-0.01133745
1.54	-0.001235995
1.56	0.01203499
1.58	-0.03312434
1.6	-0.0310583
1.62	-0.01423351
1.64	-0.03992704
1.66	-0.02817396
1.68	-0.02226103
1.7	-0.00399246
1.72	0.01889095
1.74	0.008769567
1.76	0.002435803
1.78	-0.01130076
1.8	-0.02364364
1.82	-0.03241923
1.84	-0.04682794
1.86	-0.06274385
1.88	-0.06147751
1.9	-0.06144707
1.92	-0.04063378
1.94	-0.005183156
1.96	0.004941206
1.98	0.01490984
2	-0.003810725
2.02	-0.002788863
2.04	0.03460551
2.06	0.04027719
2.08	0.04788106
2.1	0.02766069
2.12	-0.02742399
2.14	-0.03021499
2.16	-0.01872058
2.18	-0.03885401
2.2	-0.01828914
2.22	0.02276784
2.24	0.02258754
2.26	0.04017086
2.28	0.03316635
2.3	0.02085916
2.32	0.04671761
2.34	0.01671197
2.36	0.004140474
2.38	0.04807725
2.4	0.02361926
2.42	-0.02252468
2.44	-0.02383934
2.46	-0.003747992
2.48	-0.008888106
2.5	-0.01030392
2.52	0.03679378
2.54	0.03904439
2.56	0.009307053
2.58	0.006221567
2.6	0.004451128
2.62	0.004490434
2.64	-0.03106188
2.66	-0.08809513
2.68	-0.1090405
2.7	-0.1233617
2.72	-0.1436702
2.74	-0.1489201
2.76	-0.1479263
2.78	-0.1596261
2.8	-0.1655087
2.82	-0.1466142
2.84	-0.1407795
2.86	-0.1019578
2.88	0.09403697
2.9	0.2009309
2.92	0.27564
2.94	0.4256702
2.96	0.5847673
2.98	0.4707976
3	0.1587573
3.02	0.1729315
3.04	0.2566924
3.06	0.2588658
3.08	0.2986988
3.1	0.3012582
3.12	0.1869411
3.14	0.1442517
3.16	0.1448737
3.18	0.131983
3.2	0.1300279
3.22	0.08650288
3.24	-0.020216
3.26	-0.211665
3.28	-0.2555954
3.3	-0.1165753
3.32	-0.06133671
3.34	-0.1684545
3.36	-0.2867695
3.38	-0.3501594
3.4	-0.4617207
3.42	-0.5907891
3.44	-0.5797735
3.46	-0.3595527
3.48	-0.1901358
3.5	-0.1700958
3.52	-0.1884596
3.54	-0.1383393
3.56	-0.04871533
3.58	0.07069996
3.6	0.1896187
3.62	0.3011854
3.64	0.364845
3.66	0.083961
3.68	0.07576598
3.7	0.2926862
3.72	0.3520298
3.74	0.4501397
3.76	0.3433939
3.78	0.1889328
3.8	0.2554282
3.82	0.3136159
3.84	0.2680607
3.86	0.1726632
3.88	0.05513702
3.9	-0.02895035
3.92	-0.1707869
3.94	-0.2897865
3.96	-0.392566
3.98	-0.12976
4	0.1605067
4.02	-0.06769867
4.04	-0.1298611
4.06	-0.01437312
4.08	-0.01630738
4.1	-0.07461382
4.12	-0.1581264
4.14	-0.1880817
4.16	-0.1911812
4.18	-0.2046785
4.2	-0.1737016
4.22	-0.1797589
4.24	-0.2011995
4.26	-0.1518062
4.28	-0.1593226
4.3	-0.174343
4.32	-0.05429901
4.34	0.007514347
4.36	0.001773222
4.38	0.06012188
4.4	0.07633649
4.42	0.1979621
4.44	0.2929148
4.46	0.4246478
4.48	0.3284253
4.5	-0.1248788
4.52	-0.01396063
4.54	0.08891703
4.56	-0.02418102
4.58	-0.05137967
4.6	-0.08599463
4.62	-0.07745942
4.64	0.02085528
4.66	0.1146035
4.68	0.1075218
4.7	0.1240573
4.72	0.08353003
4.74	-0.02547488
4.76	-0.1537974
4.78	-0.1808472
4.8	-0.1252361
4.82	-0.1584577
4.84	-0.1659905
4.86	-0.1349019
4.88	-0.1899472
4.9	-0.2308807
4.92	-0.2288537
4.94	-0.02690862
4.96	0.06831389
4.98	0.001291211
5	0.07022951
5.02	0.1375848
5.04	0.08157841
5.06	0.06386998
5.08	0.1077706
5.1	0.0862894
5.12	0.09618853
5.14	0.1235389
5.16	0.1617635
5.18	0.1453326
5.2	0.08284264
5.22	0.06886187
5.24	0.01084472
5.26	0.008266682
5.28	-0.009560296
5.3	-0.1131365
5.32	-0.07509495
5.34	-0.02556298
5.36	-0.0846538
5.38	-0.1198133
5.4	-0.127494
5.42	-0.1337191
5.44	-0.0296596
5.46	-0.003635206
5.48	-0.01365959
5.5	0.04564751
5.52	0.08867751
5.54	0.1103243
5.56	0.1224117
5.58	0.1081556
5.6	0.0815657
5.62	0.001622722
5.64	-0.08452181
5.66	-0.08564215
5.68	0.003610583
5.7	0.05462458
5.72	-0.04312124
5.74	-0.07328181
5.76	-0.07093596
5.78	-0.04924782
5.8	-0.03013206
5.82	-0.0391652
5.84	0.01267733
5.86	0.02942987
5.88	0.009887778
5.9	0.04158645
5.92	0.111579
5.94	0.1068811
5.96	0.109004
5.98	0.07637648
6	-0.06705153
6.02	-0.09467278
6.04	-0.06644186
6.06	0.0502598
6.08	0.183921
6.1	0.1419822
6.12	0.04393619
6.14	-0.000616889
6.16	0.09061961
6.18	0.1352054
6.2	0.05580717
6.22	0.06890766
6.24	0.1160588
6.26	0.1173202
6.28	0.1042864
6.3	0.0730496
6.32	0.07145812
6.34	0.06616101
6.36	-0.01998944
6.38	-0.08788595
6.4	-0.1148345
6.42	-0.1657225
6.44	-0.2290239
6.46	-0.2575391
6.48	-0.2349728
6.5	-0.1572305
6.52	-0.1205809
6.54	-0.09542785
6.56	0.1032538
6.58	0.1539355
6.6	0.1704503
6.62	0.2877523
6.64	0.3313807
6.66	0.2317299
6.68	0.07162348
6.7	0.01643537
6.72	-0.05732692
6.74	-0.07644984
6.76	-0.1375458
6.78	-0.187285
6.8	-0.1219498
6.82	-0.0940773
6.84	-0.05227967
6.86	0.01903982
6.88	0.09034912
6.9	0.1183992
6.92	0.05783677
6.94	0.01396563
6.96	0.05098559
6.98	-0.01723193
7	-0.1108046
7.02	-0.1272602
7.04	-0.07943229
7.06	0.08802221
7.08	0.0961262
7.1	0.04697757
7.12	-0.02307799
7.14	-0.08419529
7.16	-0.09481446
7.18	-0.1302553
7.2	-0.1441375
7.22	-0.1550473
7.24	-0.1452522
7.26	-0.1226652
7.28	-0.07850229
7.3	-0.06909581
7.32	-0.0834472
7.34	-0.1253702
7.36	-0.1510457
7.38	-0.1438301
7.4	-0.06900194
7.42	-0.03995236
7.44	-0.03926491
7.46	0.000981181
7.48	0.07185888
7.5	0.09586554
7.52	0.113235
7.54	0.1339797
7.56	0.2073115
7.58	0.1029368
7.6	-0.1279352
7.62	-0.0600115
7.64	-0.06095414
7.66	-0.09993157
7.68	-0.0975419
7.7	-0.112329
7.72	-0.0816395
7.74	-0.02543773
7.76	0.03098535
7.78	-0.04036596
7.8	-0.1495879
7.82	-0.1236322
7.84	-0.1167425
7.86	-0.0314881
7.88	0.02419537
7.9	0.01677143
7.92	0.04374391
7.94	0.02996533
7.96	0.03238229
7.98	0.06933337
8	0.09415052
8.02	0.131178
8.04	0.08528875
8.06	-0.02006148
8.08	0.05239773
8.1	0.123433
8.12	0.1392781
8.14	0.1466011
8.16	0.1747279
8.18	0.1952466
8.2	0.1725335
8.22	0.1683202
8.24	0.1376144
8.26	0.09135045
8.28	0.05571186
8.3	0.00957541
8.32	-0.00756757
8.34	-0.002656137
8.36	-0.007766229
8.38	-0.03668417
8.4	-0.09155095
8.42	-0.138784
8.44	-0.1817474
8.46	-0.05819999
8.48	0.002138043
8.5	-0.1176621
8.52	-0.1471462
8.54	-0.1436427
8.56	-0.1592938
8.58	-0.2042189
8.6	-0.1637068
8.62	0.01830996
8.64	0.05033767
8.66	-0.01143385
8.68	-0.01620167
8.7	-0.03291985
8.72	-0.01077913
8.74	0.01330876
8.76	0.03925096
8.78	0.05338562
8.8	0.1173758
8.82	0.1840118
8.84	0.2758877
8.86	0.1297701
8.88	-0.103274
8.9	-0.01835569
8.92	0.02770066
8.94	-0.01124778
8.96	-0.04004317
8.98	-0.02953187
9	-0.03997039
9.02	-0.05004991
9.04	-0.06375453
9.06	-0.07119435
9.08	0.05060897
9.1	0.1489268
9.12	0.1749459
9.14	0.250488
9.16	0.2269841
9.18	0.05744157
9.2	0.01292654
9.22	0.004473591
9.24	0.006681642
9.26	0.05711934
9.28	0.02289904
9.3	-0.0444713
9.32	-0.03909221
9.34	-0.05478126
9.36	-0.08351411
9.38	-0.1082537
9.4	-0.124054
9.42	-0.1468648
9.44	-0.168928
9.46	-0.239887
9.48	-0.1942346
9.5	0.1155653
9.52	0.05887086
9.54	0.0336465
9.56	0.07205582
9.58	-0.1311402
9.6	-0.1112063
9.62	-0.0139696
9.64	0.02995981
9.66	0.005871502
9.68	0.01901928
9.7	0.07019975
9.72	0.1318689
9.74	0.04123662
9.76	-0.03219336
9.78	0.04581195
9.8	0.04505078
9.82	0.005248051
9.84	-0.03682829
9.86	-0.02839019
9.88	-0.007512217
9.9	-0.008584674
9.92	-0.06330611
9.94	-0.08863731
9.96	-0.09086961
9.98	-0.1054725
10	-0.03350602
10.02	0.0211704
10.04	0.01034036
10.06	0.03524496
10.08	0.06145002
10.1	0.05740898
10.12	0.05807828
10.14	0.04164415
10.16	0.00672761
10.18	0.02272228
10.2	0.06021239
10.22	0.05941983
10.24	0.06286328
10.26	0.09347032
10.28	0.1148269
10.3	0.08809154
10.32	0.03061332
10.34	0.03531015
10.36	0.04808843
10.38	0.01908847
10.4	0.01070473
10.42	0.02014136
10.44	0.01938204
10.46	-0.00790752
10.48	-0.03536032
10.5	-0.07651074
10.52	-0.1052254
10.54	-0.1278496
10.56	-0.07126984
10.58	0.03773889
10.6	0.01120081
10.62	0.001719121
10.64	0.02907368
10.66	0.004201138
10.68	-0.0172065
10.7	0.003582205
10.72	0.03852439
10.74	0.04791656
10.76	0.05188637
10.78	0.04709231
10.8	0.02124439
10.82	0.01747739
10.84	0.002374066
10.86	-0.01024559
10.88	0.0125022
10.9	0.01792831
10.92	0.03049948
10.94	0.05102355
10.96	0.04031213
10.98	-0.005896338
11	-0.02594695
11.02	-0.02154922
11.04	-0.01859177
11.06	-0.01530082
11.08	-0.02121437
11.1	-0.02334888
11.12	-0.01055978
11.14	-0.004988257
11.16	-0.01183628
11.18	-0.01011838
11.2	0.007930697
11.22	-0.01412768
11.24	-0.06040701
11.26	-0.06480618
11.28	-0.07245616
11.3	-0.07733787
11.32	-0.05820271
11.34	-0.04314859
11.36	-0.03624023
11.38	-0.01310269
11.4	0.01470437
11.42	0.01742042
11.44	0.01900933
11.46	0.03321357
11.48	0.04301547
11.5	0.04485009
11.52	0.03657343
11.54	0.03250219
11.56	0.02931731
11.58	0.02341509
11.6	0.01762811
11.62	0.01446964
11.64	0.009135473
11.66	0.01209693
11.68	0.001171056
11.7	-0.02910221
11.72	-0.04101858
11.74	-0.02057038
11.76	0.0126482
11.78	0.01225774
11.8	0.01413674
11.82	0.01855041
11.84	0.008394373
11.86	-0.001337381
11.88	0.001707354
11.9	-0.0130092
11.92	-0.03346431
11.94	-0.03088072
11.96	-0.02667841
11.98	0.02252626
12	0.06363618
12.02	0.06695915
12.04	0.07376131
12.06	0.07719234
12.08	0.06867302
12.1	0.0506697
12.12	0.03932798
12.14	0.002552527
12.16	-0.0269116
12.18	-0.03681216
12.2	-0.05159956
12.22	-0.0590481
12.24	-0.03632099
12.26	0.002768936
12.28	0.01679844
12.3	0.02748437
12.32	0.02756227
12.34	0.01592543
12.36	0.008990769
12.38	-0.01094382
12.4	-0.04151705
12.42	-0.05570195
12.44	-0.06128625
12.46	-0.0613993
12.48	-0.05104105
12.5	-0.04621429
12.52	-0.04665995
12.54	-0.04568987
12.56	-0.04057862
12.58	-0.02949426
12.6	-0.01507557
12.62	-0.006554536
12.64	-0.006918751
12.66	-0.006163033
12.68	0.002163099
12.7	0.02033526
12.72	0.02933352
12.74	0.0316936
12.76	0.01687582
12.78	-0.01003306
12.8	-0.01774454
12.82	0.002296112
12.84	0.01909823
12.86	0.02324315
12.88	0.03085095
12.9	0.03126365
12.92	0.01988613
12.94	-0.01239937
12.96	-0.03392287
12.98	-0.04250872
13	-0.04823247
13.02	-0.04307794
13.04	-0.01730414
13.06	0.0130423
13.08	0.02022655
13.1	0.03099813
13.12	0.04651573
13.14	0.04953118
13.16	0.03858587
13.18	0.01410105
13.2	0.002044912
13.22	0.00144029
13.24	-0.000365913
13.26	0.006207161
13.28	0.02623299
13.3	0.03290905
13.32	0.03586922
13.34	0.04580617
13.36	0.04782178
13.38	0.02584493
13.4	-0.00397472
13.42	-0.01806599
13.44	-0.03546514
13.46	-0.04548257
13.48	-0.03515714
13.5	-0.02274583
13.52	-0.01567424
13.54	-0.008963749
13.56	0.000487464
13.58	0.01049762
13.6	0.01624925
13.62	0.02342887
13.64	0.02701909
13.66	0.02587445
13.68	0.00569966
13.7	-0.003872253
13.72	0.002650397
13.74	-0.004217531
13.76	-0.01140474
13.78	-0.01258008
13.8	-0.01369015
13.82	-0.02357939
13.84	-0.03211714
13.86	-0.02839961
13.88	0.001049452
13.9	0.02897767
13.92	0.03974641
13.94	0.04655347
13.96	0.0481126
13.98	0.04486855
14	0.0228983
14.02	0.009041108
14.04	0.004579126
14.06	-0.01372937
14.08	-0.02482342
14.1	-0.02330314
14.12	0.006524157
14.14	0.03390447
14.16	0.02893037
14.18	0.01426318
14.2	0.000863856
14.22	0.001016233
14.24	0.001685738
14.26	0.000552891
14.28	-0.004429448
14.3	-0.021713
14.32	-0.02646586
14.34	-0.02114623
14.36	-0.01551552
14.38	-0.01544484
14.4	-0.02764884
14.42	-0.02801474
14.44	-0.01631303
14.46	0.000912991
14.48	0.009758682
14.5	0.01133687
14.52	0.01710621
14.54	0.020807
14.56	-0.009587771
14.58	-0.03342293
14.6	-0.03230991
14.62	-0.03252189
14.64	-0.02999721
14.66	-0.02859046
14.68	-0.03958998
14.7	-0.02718867
14.72	0.01541688
14.74	0.02568433
14.76	0.02066504
14.78	-0.001345418
14.8	-0.005081563
14.82	0.004336205
14.84	-0.02330671
14.86	-0.04094242
14.88	-0.03697453
14.9	-0.02841257
14.92	-0.002982872
14.94	0.009701917
14.96	0.009914142
14.98	0.01499482
15	0.02020402
15.02	0.01905758
15.04	0.01883221
15.06	0.01689425
15.08	0.01181672
15.1	0.0141291
15.12	0.02168834
15.14	0.01452694
15.16	0.008468164
15.18	0.00800612
15.2	-0.004493968
15.22	-0.01425434
15.24	-0.02342821
15.26	-0.02771221
15.28	-0.02746435
15.3	-0.002000052
15.32	0.01059389
15.34	-0.006021922
15.36	-0.0110944
15.38	-0.000391541
15.4	0.01595497
15.42	0.01182906
15.44	-0.01994702
15.46	-0.02395665
15.48	-0.003453652
15.5	-0.002298009
15.52	0.000461074
15.54	-0.000181544
15.56	-0.000570182
15.58	0.001057721
15.6	-0.000617137
15.62	-0.01579781
15.64	-0.008829192
15.66	0.01272237
15.68	0.005775138
15.7	0.007720264
15.72	0.01797023
15.74	0.009082961
15.76	-0.01193313
15.78	-0.01384768
15.8	-0.009583064
15.82	-0.009595309
15.84	-0.00431375
15.86	-0.003633408
15.88	-0.008292766
15.9	0.000397641
15.92	0.01147076
15.94	0.008050723
15.96	0.007751878
15.98	0.01463894
16	0.01574668
16.02	0.007395966
16.04	-0.006290363
16.06	-0.01073345
16.08	-0.00325171
16.1	0.007433853
16.12	0.01906496
16.14	0.02180371
16.16	0.02343985
16.18	0.02531366
16.2	0.02481494
16.22	0.02706819
16.24	0.03255791
16.26	0.04242854
16.28	0.04186763
16.3	0.04386693
16.32	0.02272038
16.34	0.004930675
16.36	0.01262873
16.38	0.004684071
16.4	0.00156198
16.42	0.003460336
16.44	0.00906844
16.46	0.02005399
16.48	0.01034783
16.5	0.006197613
16.52	0.02594295
16.54	0.04241816
16.56	0.05599966
16.58	0.05884666
16.6	0.04650691
16.62	0.05099513
16.64	0.07340475
16.66	0.08262986
16.68	0.0683603
16.7	-0.005528249
16.72	-0.04547629
16.74	-0.06858106
16.76	-0.1552471
16.78	-0.2009499
16.8	-0.2516019
16.82	-0.2868344
16.84	-0.3040803
16.86	-0.1419192
16.88	-0.000963119
16.9	-0.08679066
16.92	-0.05169823
16.94	-0.01542565
16.96	-0.01254784
16.98	0.01741402
17	0.02265722
17.02	0.007968616
17.04	-0.00346924
17.06	0.02293695
17.08	0.05285197
17.1	0.1088269
17.12	0.169802
17.14	0.1811419
17.16	0.1553373
17.18	0.1108302
17.2	0.09553782
17.22	0.1015982
17.24	0.09092135
17.26	0.05955588
17.28	0.0254293
17.3	-0.001687841
17.32	-0.02070005
17.34	-0.02825049
17.36	-0.03742784
17.38	-0.04459575
17.4	-0.06369562
17.42	-0.09409097
17.44	-0.1335827
17.46	-0.1702235
17.48	-0.1797036
17.5	-0.1555911
17.52	-0.1361787
17.54	-0.1314085
17.56	-0.08741717
17.58	-0.05164909
17.6	-0.04034362
17.62	-0.01460516
17.64	0.009547226
17.66	0.0359732
17.68	0.07753804
17.7	0.1035499
17.72	0.119522
17.74	0.1372372
17.76	0.1383153
17.78	0.1275929
17.8	0.1156088
17.82	0.11552
17.84	0.08244039
17.86	0.04905983
17.88	0.04648228
17.9	0.02467876
17.92	0.002103125
17.94	-0.006552557
17.96	-0.01851608
17.98	-0.04019407
18	-0.06827763
18.02	-0.08328379
18.04	-0.09314809
18.06	-0.1033816
18.08	-0.1104265
18.1	-0.07566278
18.12	-0.02368544
18.14	-0.009674507
18.16	0.01527389
18.18	0.04027127
18.2	0.06133249
18.22	0.0903375
18.24	0.1148229
18.26	0.1289267
18.28	0.1517006
18.3	0.1743408
18.32	0.1790342
18.34	0.1039004
18.36	0.04488362
18.38	0.04348358
18.4	-0.008265686
18.42	-0.05356445
18.44	-0.08039303
18.46	-0.12769
18.48	-0.1581548
18.5	-0.112495
18.52	-0.08226369
18.54	-0.08809444
18.56	-0.09047556
18.58	-0.1158168
18.6	-0.1121615
18.62	-0.056523
18.64	-0.03421187
18.66	-0.02867566
18.68	-0.01555266
18.7	-0.01264697
18.72	-0.003369335
18.74	0.02214162
18.76	0.0599589
18.78	0.1013911
18.8	0.1203445
18.82	0.08165573
18.84	0.08298871
18.86	0.1047502
18.88	0.06292401
18.9	-0.003446477
18.92	-0.04095604
18.94	-0.06216598
18.96	-0.06838395
18.98	-0.07510272
19	-0.1037117
19.02	-0.1100571
19.04	-0.1100234
19.06	-0.09166335
19.08	-0.02776334
19.1	0.02717293
19.12	0.04752613
19.14	0.05552816
19.16	0.04766514
19.18	0.04056305
19.2	0.02358738
19.22	0.01335495
19.24	0.02059821
19.26	0.05021519
19.28	0.0747026
19.3	0.082358
19.32	0.08435751
19.34	0.03219913
19.36	0.03175681
19.38	0.05835267
19.4	0.06675073
19.42	0.06284965
19.44	0.041987
19.46	0.02597959
19.48	-0.01959864
19.5	-0.07101225
19.52	-0.1080571
19.54	-0.1122396
19.56	-0.1061945
19.58	-0.1187705
19.6	-0.1220523
19.62	-0.06308544
19.64	-0.02240924
19.66	-0.03443642
19.68	-0.01884095
19.7	0.0139599
19.72	0.05885082
19.74	0.09035632
19.76	0.09781023
19.78	0.0832597
19.8	0.03961267
19.82	0.05356813
19.84	0.1019649
19.86	0.09594983
19.88	0.02052173
19.9	-0.01028442
19.92	0.01568775
19.94	-0.02985632
19.96	-0.05989129
19.98	-0.08199777
20	-0.0838042
20.02	-0.09654703
20.04	-0.09449067
20.06	-0.1522022
20.08	-0.1075986
20.1	0.1032937
20.12	0.09746247
20.14	0.08552863
20.16	-0.001483332
20.18	-0.02786646
20.2	0.09291501
20.22	0.133348
20.24	0.1330198
20.26	0.1312453
20.28	0.1427767
20.3	0.08770617
20.32	-0.0057612
20.34	-0.02008063
20.36	-0.015528
20.38	-0.02906505
20.4	-0.01550068
20.42	-0.02450583
20.44	-0.07134378
20.46	-0.1196159
20.48	-0.08103794
20.5	-0.04472031
20.52	-0.10374
20.54	-0.09009189
20.56	0.008270337
20.58	-0.008889551
20.6	-0.07045614
20.62	-0.05415285
20.64	-0.02579518
20.66	0.008988508
20.68	0.1063105
20.7	0.133687
20.72	0.0895278
20.74	0.08533328
20.76	0.03027037
20.78	0.01382366
20.8	0.07853225
20.82	0.1328695
20.84	0.1223021
20.86	0.1269827
20.88	0.06321424
20.9	-0.02225472
20.92	-0.03913378
20.94	-0.08381905
20.96	-0.09276145
20.98	-0.0484027
21	-0.03384324
21.02	-0.05718288
21.04	-0.08712496
21.06	-0.1118527
21.08	-0.1243947
21.1	-0.1277596
21.12	-0.1210194
21.14	-0.08514173
21.16	-0.02634573
21.18	-0.008791392
21.2	-0.009612327
21.22	0.0299047
21.24	0.08603549
21.26	0.1679305
21.28	0.233836
21.3	0.2534324
21.32	0.1901958
21.34	-0.04554935
21.36	-0.05169046
21.38	-0.02531702
21.4	-0.1234651
21.42	-0.09277707
21.44	0.02640011
21.46	-0.002965294
21.48	-0.07793998
21.5	-0.04217631
21.52	-0.03259602
21.54	-0.020276
21.56	0.01340284
21.58	0.01958046
21.6	-0.05992599
21.62	-0.02980078
21.64	0.02695155
21.66	-0.01871839
21.68	-0.06953217
21.7	-0.0516326
21.72	-0.02068825
21.74	0.01069369
21.76	0.06840389
21.78	0.0763279
21.8	0.03766244
21.82	0.001787689
21.84	0.01901823
21.86	0.02369565
21.88	0.01419102
21.9	0.002698412
21.92	-0.01057918
21.94	-0.03888645
21.96	-0.07086162
21.98	-0.08302025
22	-0.08325197
22.02	-0.05830702
22.04	-0.04952091
22.06	-0.03591425
22.08	-0.00485233
22.1	0.01100549
22.12	0.01972639
22.14	0.02603091
22.16	0.02714162
22.18	0.02383064
22.2	0.01402533
22.22	0.009309832
22.24	0.00537873
22.26	0.008211263
22.28	0.0183776
22.3	0.03268108
22.32	0.02702317
22.34	-0.01373394
22.36	-0.02132167
22.38	-0.01330847
22.4	-0.01150707
22.42	-0.0112989
22.44	-0.03240973
22.46	-0.04342765
22.48	-0.04351423
22.5	-0.0401338
22.52	-0.01654615
22.54	0.007715738
22.56	0.02482029
22.58	0.03537136
22.6	0.03480138
22.62	0.03027177
22.64	0.02385722
22.66	0.01442347
22.68	0.004976476
22.7	0.000246991
22.72	-0.007055944
22.74	-0.01177929
22.76	-0.003426222
22.78	0.004315874
22.8	0.002750479
22.82	0.005990315
22.84	0.009042481
22.86	0.007743335
22.88	0.0100754
22.9	-0.01227142
22.92	-0.02765878
22.94	-0.02168631
22.96	-0.02245501
22.98	-0.02474656
23	-0.0264057
23.02	-0.01495375
23.04	-0.0028235
23.06	0.002161664
23.08	0.002484415
23.1	-0.001352386
23.12	0.008503301
23.14	0.02443615
23.16	0.03336366
23.18	0.03698819
23.2	0.0329923
23.22	0.02041109
23.24	0.01462716
23.26	0.01452157
23.28	0.009255818
23.3	0.001494129
23.32	-0.009603975
23.34	-0.01866105
23.36	-0.02485396
23.38	-0.02528183
23.4	-0.01788017
23.42	-0.009817545
23.44	-0.002672913
23.46	0.008659843
23.48	0.01138789
23.5	0.005279668
23.52	0.005875921
23.54	0.009099696
23.56	0.003206716
23.58	-0.009634499
23.6	-0.009610451
23.62	-0.0012989
23.64	0.0127828
23.66	0.02672884
23.68	0.03361647
23.7	0.01343945
23.72	-0.0191316
23.74	-0.0224919
23.76	-0.02175586
23.78	-0.01663076
23.8	-0.01645674
23.82	-0.01883578
23.84	-0.00250291
23.86	0.01099639
23.88	0.01398461
23.9	0.01582735
23.92	0.00839525
23.94	-0.000224137
23.96	0.01544778
23.98	0.02549644
24	0.01407205
24.02	0.003826788
24.04	-0.004177533
24.06	-0.01156883
24.08	-0.005951056
24.1	0.01298792
24.12	0.0138984
24.14	-0.00045542
24.16	-0.001125941
24.18	0.005405756
24.2	-0.000984927
24.22	-0.01265718
24.24	-0.01903664
24.26	-0.02308132
24.28	-0.02635999
24.3	-0.02702236
24.32	-0.01631887
24.34	-0.003230627
24.36	-0.000658583
24.38	0.008762759
24.4	0.02946631
24.42	0.02888962
24.44	0.00859223
24.46	0.00599286
24.48	0.01397803
24.5	0.01397659
24.52	0.01339273
24.54	0.01383703
24.56	0.01335924
24.58	0.007216374
24.6	0.003607179
24.62	0.003754639
24.64	-0.001275424
24.66	-0.007396893
24.68	-0.008647867
24.7	-0.000416924
24.72	0.003818672
24.74	-0.002063117
24.76	-0.006589332
24.78	-0.01460905
24.8	-0.01350488
24.82	0.01187529
24.84	0.00798859
24.86	-0.005946135
24.88	0.002535673
24.9	-0.001086866
24.92	-0.007565411
24.94	-0.007127344
24.96	-0.01050511
24.98	-0.01182349
25	-0.004196488
25.02	-0.000553611
25.04	-0.004540342
25.06	-0.007166402
25.08	-0.004664929
25.1	-0.004258546
25.12	-0.01384307
25.14	-0.02146309
25.16	-0.0195614
25.18	-0.02031786
25.2	-0.01988296
25.22	-0.01437766
25.24	-0.01000558
25.26	-0.001714666
25.28	0.01118969
25.3	0.02173886
25.32	0.02629246
25.34	0.0271924
25.36	0.009945525
25.38	-0.008736512
25.4	-0.008346596
25.42	-0.000878914
25.44	0.005313757
25.46	0.003210758
25.48	0.004165706
25.5	0.006795482
25.52	0.006071486
25.54	0.006052298
25.56	0.004652016
25.58	0.000317182
25.6	0.001487276
25.62	0.005427676
25.64	0.002297423
25.66	-0.001480543
25.68	0.000696237
25.7	0.005170042
25.72	0.004874315
25.74	0.004400074
25.76	0.01123208
25.78	0.01608016
25.8	0.01760814
25.82	0.01829358
25.84	0.01552631
25.86	0.01688798
25.88	0.02430639
25.9	0.02512437
25.92	0.01578008
25.94	0.004733386
25.96	-0.000389161
25.98	-0.003194284
26	-0.006834804
26.02	-0.005542621
26.04	-0.004965473
26.06	-0.003645783
26.08	-0.00207723
26.1	-0.004238833
26.12	-0.007682594
26.14	-0.009316892
26.16	-0.006622327
26.18	-0.003045481
26.2	-0.003248772
26.22	-0.006828282
26.24	-0.005273129
26.26	-0.002554175
26.28	-0.002323019
26.3	0.002598078
26.32	0.008062816
26.34	0.009455695
26.36	0.005888296
26.38	-0.000337243
26.4	-0.004869602
26.42	-0.00815044
26.44	-0.01262878
26.46	-0.01368809
26.48	-0.01288185
26.5	-0.01377393
26.52	-0.01380311
26.54	-0.007419569
26.56	0.005424631
26.58	0.006355211
26.6	0.00244281
26.62	0.002184028
26.64	-0.001198016
26.66	-0.007171901
26.68	-0.006813648
26.7	-0.000595516
26.72	0.005055474
26.74	0.005642142
26.76	0.006780608
26.78	0.01337911
26.8	0.02001737
26.82	0.0207488
26.84	0.01879657
26.86	0.01449526
26.88	0.008054991
26.9	0.000993518
26.92	-0.009839941
26.94	-0.01615788
26.96	-0.01989932
26.98	-0.02094595
27	-0.01726388
27.02	-0.01305653
27.04	-0.007456908
27.06	-0.000407891
27.08	0.002754902
27.1	0.001876432
27.12	0.002412675
27.14	0.003944416
27.16	0.006905152
27.18	0.009593522
27.2	0.009937906
27.22	0.01057602
27.24	0.01100095
27.26	0.00694803
27.28	0.001164154
27.3	0.002513113
27.32	0.003690685
27.34	-0.000144048
27.36	-0.003045508
27.38	-0.003631593
27.4	-0.003807664
27.42	-0.003571682
27.44	-0.004305747
27.46	-0.006179177
27.48	-0.009369455
27.5	-0.0107513
27.52	-0.006778169
27.54	-0.005550908
27.56	-0.005078473
27.58	-0.001569526
27.6	0.001621155
27.62	0.004398709
27.64	0.005040354
27.66	0.007932093
27.68	0.0110227
27.7	0.01244966
27.72	0.01300348
27.74	0.01071045
27.76	0.005233967
27.78	-0.002273362
27.8	-0.00417174
27.82	-0.006045665
27.84	-0.007020999
27.86	-0.006730541
27.88	-0.006163692
27.9	-0.008503871
27.92	-0.006369339
27.94	0.003435563
27.96	0.006130018
27.98	0.004706704
28	0.004155459
28.02	0.003585826
28.04	-0.001184195
28.06	-0.004970966
28.08	-0.006626986
28.1	-0.004926216
28.12	-0.000547975
28.14	-0.002216324
28.16	-0.003104402
28.18	-0.003333589
28.2	-0.006744187
28.22	-0.01058015
28.24	-0.01219357
28.26	-0.01154568
28.28	-0.009392293
28.3	-0.009657356
28.32	-0.008474057
28.34	0.005597937
28.36	0.0151564
28.38	0.004016994
28.4	-0.008209762
28.42	-0.00085255
28.44	0.007830633
28.46	0.001626886
28.48	-0.004032212
28.5	-0.007051579
28.52	-0.01072582
28.54	-0.01114425
28.56	-0.004643026
28.58	-0.000482736
28.6	0.006324424
28.62	0.01714321
28.64	0.008862473
28.66	-0.005042579
28.68	-0.002628682
28.7	0.01289524
28.72	0.02068754
28.74	0.01477407
28.76	0.004827484
28.78	-0.001879612
28.8	0.003427843
28.82	0.01895056
28.84	0.01928138
28.86	0.005465781
28.88	0.001109633
28.9	-0.003358746
28.92	-0.008947116
28.94	-0.004533395
28.96	0.006700013
28.98	0.008757472
29	0.004738761
29.02	-0.001156782
29.04	-0.006055815
29.06	0.002740661
29.08	0.009579727
29.1	0.006612482
29.12	0.008064867
29.14	0.0103169
29.16	0.008021747
29.18	0.00716884
29.2	0.007978504
29.22	0.008817717
29.24	0.0059237
29.26	-0.002304947
29.28	-0.01133637
29.3	-0.01654179
29.32	-0.01943185
29.34	-0.02179153
29.36	-0.02226936
29.38	-0.01460556
29.4	-0.008888977
29.42	-0.006139604
29.44	-0.0040604
29.46	-0.008535746
29.48	-0.01230222
29.5	-0.009587647
29.52	-0.004931022
29.54	-0.003027406
29.56	0.00017362
29.58	-0.000315742
29.6	-0.003636653
29.62	-0.001202754
29.64	0.002136876
29.66	0.000657998
29.68	-0.00230909
29.7	-0.008480025
29.72	-0.01374625
29.74	-0.009944703
29.76	-0.003590124
29.78	-0.002532433
29.8	-0.000952531
29.82	0.005601884
29.84	0.006868588
29.86	0.004876369
29.88	0.00974872
29.9	0.01525039
29.92	0.005499958
29.94	-0.007129952
29.96	-0.006464191
29.98	-0.009466377
30	-0.00786227
30.02	0.002867752
30.04	0.004548306
30.06	-0.001295706
30.08	-0.004805985
30.1	-0.00401597
30.12	-0.007247841
30.14	-0.009679038
30.16	-0.00639316
30.18	-0.004396589
30.2	0.000233598
30.22	0.004607739
30.24	0.006499175
30.26	0.0105999
30.28	0.01455271
30.3	0.01075248
30.32	0.005082553
30.34	0.003242706
30.36	0.003381636
30.38	-0.000248358
30.4	-0.006148896
30.42	-0.006650597
30.44	-0.001931962
30.46	0.003138551
30.48	0.00385772
30.5	0.007330867
30.52	0.01271445
30.54	0.01512165
30.56	0.01274402
30.58	0.01151284
30.6	0.01305807
30.62	0.01319263
30.64	0.008120063
30.66	0.001503198
30.68	0.004371292
30.7	0.005490066
30.72	0.003704879
30.74	0.009372812
30.76	0.01652279
30.78	0.0139858
30.8	0.008782517
30.82	0.003430295
30.84	0.001044213
30.86	-9.74864E-05
30.88	-0.003454644
30.9	-0.001182439
30.92	-0.002374172
30.94	-0.008076363
30.96	-0.01062269
30.98	-0.009024772
31	-0.004345452
31.02	0.000199212
31.04	-0.002902059
31.06	-0.001912126
31.08	-6.24744E-06
31.1	-0.002484344
31.12	-0.001218035
31.14	0.00036752
31.16	-0.001725058
31.18	-8.97085E-06
31.2	0.003972523
31.22	0.000578386
31.24	-0.009054085
31.26	-0.01240132
31.28	-0.007910902
31.3	-0.005581868
31.32	-0.004416665
31.34	-0.002718013
31.36	0.000982889
31.38	0.006526921
31.4	0.008464222
31.42	0.009154056
31.44	0.01675132
31.46	0.0162712
31.48	0.0110705
31.5	0.008791082
31.52	0.002978375
31.54	0.0010947
31.56	0.002661679
31.58	-0.001216108
31.6	-0.002921301
31.62	-0.001014679
31.64	-0.001852882
31.66	-0.005108489
31.68	-0.004704341
31.7	-0.003781017
31.72	-0.009324496
31.74	-0.0103606
31.76	-0.00255024
31.78	-0.001560626
31.8	-0.005825033
31.82	-0.003392121
31.84	-0.003369469
31.86	-0.005040017
31.88	-0.003047746
31.9	-6.30131E-05
31.92	0.001620201
31.94	0.004818117
31.96	0.006812435
31.98	0.004701256
32	0.00187608
32.02	-0.003845891
32.04	-0.005826499
32.06	-0.004925602
32.08	-0.0069215
32.1	-0.008427791
32.12	-0.006114176
32.14	-0.004316674
32.16	-0.004807026
32.18	-0.006436709
32.2	-0.005695903
32.22	-0.00335267
32.24	-0.001943746
32.26	-1.46119E-05
32.28	5.40527E-05
32.3	-0.004339771
32.32	-0.003522404
32.34	0.002433736
32.36	0.001239688
32.38	-0.001129385
32.4	-0.000742164
32.42	-0.002421633
32.44	-0.004482526
32.46	0.000375165
32.48	0.002822276
32.5	-0.001154834
32.52	-0.000921892
32.54	0.0040018
32.56	0.003029045
32.58	-0.001155547
32.6	-0.002259748
32.62	-0.002127385
32.64	-0.002906878
32.66	-0.005548225
32.68	-0.00796233
32.7	-0.007152641
32.72	-0.004595969
32.74	-0.002467694
32.76	0.001397387
32.78	0.005245144
32.8	0.006293183
32.82	0.002981233
32.84	-0.00247353
32.86	-0.003785969
32.88	-0.0033367
32.9	-0.005487739
32.92	-0.004811588
32.94	-0.004296432
32.96	-0.002716945
32.98	0.000836293
33	-0.001030248
33.02	-0.004869646
33.04	-0.005447701
33.06	-0.002820916
33.08	-0.003341384
33.1	-0.002431402
33.12	0.001744493
33.14	0.000742998
33.16	0.000797752
33.18	0.002586501
33.2	0.003533296
33.22	0.004166414
33.24	0.001874982
33.26	0.000538099
33.28	0.000133666
33.3	-0.001841791
33.32	-0.005219972
33.34	-0.006805724
33.36	-0.006190264
33.38	-0.004709062
33.4	-0.003128705
33.42	0.000697064
33.44	0.003434407
33.46	0.0044474
33.48	0.005778412
33.5	0.004756062
33.52	0.004127197
33.54	0.002526033
33.56	4.02416E-05
33.58	-0.001412834
33.6	0.000368407
33.62	0.00301156
33.64	0.002721749
33.66	0.002618028
33.68	0.001780739
33.7	0.000778907
33.72	0.001621033
33.74	0.002825219
33.76	0.003429014
33.78	0.00220816
33.8	0.000333804
33.82	-0.000371356
33.84	-0.000658188
33.86	-0.000595924
33.88	0.000239313
33.9	0.001273947
33.92	0.001656502
33.94	0.002135553
33.96	0.002476948
33.98	0.002645526
34	0.002459532
34.02	0.002560049
34.04	0.003389711
34.06	0.003090073
34.08	0.00250016
34.1	0.002330366
34.12	0.001673688
34.14	0.000488914
34.16	0.00024659
34.18	-0.000278791
34.2	-0.001065083
34.22	-0.001796777
34.24	-0.001810116
34.26	-0.001321389
34.28	-0.001275012
34.3	-0.000279925
34.32	-5.97712E-05
34.34	-0.000491784
34.36	6.54819E-05
34.38	0.000450144
34.4	9.26949E-05
34.42	-2.1386E-05
34.44	-1.24481E-05
34.46	0.000237981
34.48	0.000186112
34.5	0.000470128
34.52	0.001202933
34.54	0.001402138
34.56	0.001247767
34.58	0.001157845
34.6	0.001190126
34.62	0.000991465
34.64	0.000579266
34.66	0.000475193
34.68	0.00049885
34.7	0.000116523
34.72	-0.000284553
34.74	-0.000628333
34.76	-0.000649056
34.78	-0.000556374
34.8	-0.000421784
34.82	-0.000294177
34.84	-0.000255156
34.86	-0.000324531
34.88	-0.000289533
34.9	-0.000167336
34.92	-0.000243454
34.94	-0.000428914
34.96	-0.000562554
34.98	-0.000684546
35	-0.000768992
35.02	-0.000682659
35.04	-0.000590157
35.06	-0.000482564
35.08	-0.000394064
35.1	-0.000302091
35.12	-0.000186426
35.14	-0.000154149
35.16	-9.81844E-05
35.18	4.34732E-06
35.2	9.75945E-05
35.22	0.000130182
35.24	0.000154244
35.26	0.000205043
35.28	0.000221888
35.3	0.000220977
35.32	0.000209561
35.34	0.000227328
35.36	0.000257469
35.38	0.00025737
35.4	0.000269443
35.42	0.000281278
35.44	0.000281027
35.46	0.00028753
35.48	0.000288899
35.5	0.000278573
35.52	0.000285067
35.54	0.000293908
35.56	0.000296289
35.58	0.000295557
35.6	0.000292576
35.62	0.000289329
35.64	0.000284229
35.66	0.000276426
35.68	0.00026734
35.7	0.00025789
35.72	0.000246237
35.74	0.000232844
35.76	0.000220326
35.78	0.000207762
35.8	0.000193385
35.82	0.000177512
35.84	0.000160458
35.86	0.000142127
35.88	0.000122513
35.9	0.000101709
35.92	7.97698E-05
35.94	5.67582E-05
35.96	3.27394E-05
35.98	7.75929E-06
	
