0	0.000444
0.005	0.000444
0.01	0.000442
0.015	0.000435
0.02	0.000428
0.025	0.000425
0.03	0.000431
0.035	0.000445
0.04	0.000465
0.045	0.000485
0.05	0.000492
0.055	0.000473
0.06	0.000428
0.065	0.000393
0.07	0.000382
0.075	0.000379
0.08	0.000379
0.085	0.000396
0.09	0.000456
0.095	0.000543
0.1	0.000632
0.105	0.000671
0.11	0.0006
0.115	0.000401
0.12	0.000117
0.125	-0.0000625
0.13	-0.0000423
0.135	0.000145
0.14	0.000344
0.145	0.000489
0.15	0.000615
0.155	0.000682
0.16	0.00062
0.165	0.000398
0.17	0.000143
0.175	-0.0000188
0.18	0.0000085
0.185	0.000131
0.19	0.000149
0.195	0.000091
0.2	0.000236
0.205	0.000652
0.21	0.00103
0.215	0.00117
0.22	0.00107
0.225	0.000694
0.23	0.000172
0.235	-0.000201
0.24	-0.000235
0.245	0.000143
0.25	0.000685
0.255	0.00113
0.26	0.00115
0.265	0.000646
0.27	0.0000556
0.275	-0.000294
0.28	-0.000202
0.285	0.000325
0.29	0.000984
0.295	0.00148
0.3	0.00145
0.305	0.000725
0.31	-0.000222
0.315	-0.000711
0.32	-0.000415
0.325	0.00033
0.33	0.00048
0.335	-0.000276
0.34	-0.00104
0.345	-0.000884
0.35	0.00024
0.355	0.00141
0.36	0.0023
0.365	0.00304
0.37	0.00321
0.375	0.00197
0.38	-0.000845
0.385	-0.00355
0.39	-0.00344
0.395	-0.00102
0.4	0.00102
0.405	0.00102
0.41	-0.000176
0.415	-0.00136
0.42	-0.000797
0.425	0.00162
0.43	0.00402
0.435	0.00509
0.44	0.00402
0.445	0.000396
0.45	-0.00415
0.455	-0.0073
0.46	-0.00789
0.465	-0.00521
0.47	-0.00109
0.475	0.0023
0.48	0.00384
0.485	0.00287
0.49	0.00036
0.495	-0.00255
0.5	-0.00371
0.505	-0.00261
0.51	-0.0000926
0.515	0.00159
0.52	0.00152
0.525	0.000722
0.53	0.0000376
0.535	0.000395
0.54	0.000769
0.545	0.000266
0.55	-0.00115
0.555	-0.00275
0.56	-0.00274
0.565	-0.000776
0.57	0.00156
0.575	0.0035
0.58	0.00473
0.585	0.00473
0.59	0.00343
0.595	0.00157
0.6	0.00132
0.605	0.00229
0.61	0.00143
0.615	-0.00246
0.62	-0.00728
0.625	-0.0097
0.63	-0.00859
0.635	-0.00424
0.64	0.00126
0.645	0.00603
0.65	0.00892
0.655	0.009
0.66	0.00688
0.665	0.00252
0.67	-0.00286
0.675	-0.00703
0.68	-0.00927
0.685	-0.00981
0.69	-0.00847
0.695	-0.00505
0.7	-0.000892
0.705	0.00252
0.71	0.00451
0.715	0.00487
0.72	0.00477
0.725	0.00448
0.73	0.00387
0.735	0.00332
0.74	0.00334
0.745	0.0041
0.75	0.00358
0.755	0.000652
0.76	-0.00332
0.765	-0.00588
0.77	-0.00626
0.775	-0.0045
0.78	-0.00116
0.785	0.00309
0.79	0.00684
0.795	0.0087
0.8	0.00852
0.805	0.00643
0.81	0.00412
0.815	0.00105
0.82	-0.00375
0.825	-0.00854
0.83	-0.0108
0.835	-0.00903
0.84	-0.00445
0.845	0.00104
0.85	0.00537
0.855	0.007
0.86	0.00664
0.865	0.00467
0.87	0.00235
0.875	-0.0000436
0.88	-0.00249
0.885	-0.00449
0.89	-0.00566
0.895	-0.00596
0.9	-0.00567
0.905	-0.00465
0.91	-0.00288
0.915	-0.000355
0.92	0.00257
0.925	0.00534
0.93	0.00726
0.935	0.00755
0.94	0.00605
0.945	0.00289
0.95	-0.000957
0.955	-0.00454
0.96	-0.0067
0.965	-0.00631
0.97	-0.00411
0.975	-0.00115
0.98	0.00125
0.985	0.00252
0.99	0.00391
0.995	0.00605
1	0.00773
1.005	0.00746
1.01	0.00472
1.015	0.00011
1.02	-0.00374
1.025	-0.00528
1.03	-0.00417
1.035	-0.0018
1.04	-0.000601
1.045	-0.000402
1.05	-0.000968
1.055	-0.00244
1.06	-0.00438
1.065	-0.00516
1.07	-0.00338
1.075	0.0001
1.08	0.00309
1.085	0.00421
1.09	0.00248
1.095	-0.00136
1.1	-0.00557
1.105	-0.00796
1.11	-0.00677
1.115	-0.00378
1.12	-0.00171
1.125	-0.000236
1.13	0.00131
1.135	0.00237
1.14	0.0023
1.145	0.00148
1.15	0.000826
1.155	0.000659
1.16	0.00086
1.165	0.000943
1.17	0.000673
1.175	-0.0000796
1.18	-0.0012
1.185	-0.00227
1.19	-0.00276
1.195	-0.00239
1.2	-0.00195
1.205	-0.0026
1.21	-0.00453
1.215	-0.00712
1.22	-0.00896
1.225	-0.0083
1.23	-0.00533
1.235	-0.00252
1.24	-0.000913
1.245	-0.000677
1.25	-0.000358
1.255	0.00177
1.26	0.00493
1.265	0.00733
1.27	0.00785
1.275	0.00579
1.28	0.00171
1.285	-0.00268
1.29	-0.00649
1.295	-0.00924
1.3	-0.0108
1.305	-0.0115
1.31	-0.0115
1.315	-0.0108
1.32	-0.00885
1.325	-0.0058
1.33	-0.00208
1.335	0.00114
1.34	0.00378
1.345	0.00622
1.35	0.00812
1.355	0.00898
1.36	0.00828
1.365	0.00615
1.37	0.00301
1.375	0.000109
1.38	-0.00219
1.385	-0.00232
1.39	-0.000355
1.395	0.0027
1.4	0.00682
1.405	0.0113
1.41	0.016
1.415	0.0203
1.42	0.0232
1.425	0.0241
1.43	0.0229
1.435	0.0201
1.44	0.0169
1.445	0.0151
1.45	0.0155
1.455	0.0178
1.46	0.0218
1.465	0.0273
1.47	0.0332
1.475	0.0388
1.48	0.0432
1.485	0.0455
1.49	0.045
1.495	0.0411
1.5	0.035
1.505	0.0283
1.51	0.0219
1.515	0.0172
1.52	0.0151
1.525	0.0149
1.53	0.0143
1.535	0.0117
1.54	0.00661
1.545	-0.000512
1.55	-0.00868
1.555	-0.0154
1.56	-0.0214
1.565	-0.0266
1.57	-0.0313
1.575	-0.0368
1.58	-0.0424
1.585	-0.046
1.59	-0.0466
1.595	-0.0451
1.6	-0.0427
1.605	-0.0405
1.61	-0.0388
1.615	-0.0378
1.62	-0.0373
1.625	-0.0376
1.63	-0.0393
1.635	-0.0434
1.64	-0.05
1.645	-0.0577
1.65	-0.0654
1.655	-0.0726
1.66	-0.0783
1.665	-0.0816
1.67	-0.0824
1.675	-0.0811
1.68	-0.0804
1.685	-0.0808
1.69	-0.0821
1.695	-0.0838
1.7	-0.0851
1.705	-0.0865
1.71	-0.0885
1.715	-0.091
1.72	-0.0931
1.725	-0.0945
1.73	-0.0939
1.735	-0.0915
1.74	-0.0875
1.745	-0.0838
1.75	-0.0806
1.755	-0.0778
1.76	-0.0752
1.765	-0.0721
1.77	-0.0679
1.775	-0.0619
1.78	-0.0529
1.785	-0.0409
1.79	-0.0266
1.795	-0.0122
1.8	0.000447
1.805	0.0103
1.81	0.0178
1.815	0.0242
1.82	0.032
1.825	0.0425
1.83	0.0549
1.835	0.0686
1.84	0.0824
1.845	0.0963
1.85	0.111
1.855	0.124
1.86	0.136
1.865	0.145
1.87	0.149
1.875	0.15
1.88	0.151
1.885	0.153
1.89	0.155
1.895	0.158
1.9	0.16
1.905	0.161
1.91	0.161
1.915	0.158
1.92	0.154
1.925	0.149
1.93	0.143
1.935	0.135
1.94	0.126
1.945	0.116
1.95	0.102
1.955	0.0846
1.96	0.065
1.965	0.0458
1.97	0.0305
1.975	0.0186
1.98	0.00924
1.985	0.00182
1.99	-0.00545
1.995	-0.0142
2	-0.0242
2.005	-0.0333
2.01	-0.0416
2.015	-0.0484
2.02	-0.0557
2.025	-0.0621
2.03	-0.0654
2.035	-0.0649
2.04	-0.0614
2.045	-0.0568
2.05	-0.052
2.055	-0.0465
2.06	-0.0396
2.065	-0.0308
2.07	-0.02
2.075	-0.00858
2.08	0.00228
2.085	0.0109
2.09	0.0163
2.095	0.0186
2.1	0.018
2.105	0.0154
2.11	0.0121
2.115	0.0102
2.12	0.0107
2.125	0.0128
2.13	0.0144
2.135	0.0142
2.14	0.0107
2.145	0.00364
2.15	-0.00477
2.155	-0.0136
2.16	-0.0214
2.165	-0.0266
2.17	-0.0306
2.175	-0.0339
2.18	-0.037
2.185	-0.04
2.19	-0.0422
2.195	-0.0432
2.2	-0.0428
2.205	-0.0414
2.21	-0.0392
2.215	-0.0364
2.22	-0.0332
2.225	-0.0294
2.23	-0.025
2.235	-0.0204
2.24	-0.0162
2.245	-0.0127
2.25	-0.01
2.255	-0.00827
2.26	-0.00719
2.265	-0.00596
2.27	-0.00431
2.275	-0.00275
2.28	-0.00172
2.285	-0.00156
2.29	-0.00206
2.295	-0.0021
2.3	-0.00165
2.305	-0.00102
2.31	-0.000544
2.315	-0.000383
2.32	-0.00039
2.325	-0.000738
2.33	-0.00164
2.335	-0.0029
2.34	-0.00349
2.345	-0.00332
2.35	-0.00254
2.355	-0.000828
2.36	0.00203
2.365	0.00542
2.37	0.00885
2.375	0.0123
2.38	0.0154
2.385	0.0175
2.39	0.0181
2.395	0.017
2.4	0.0143
2.405	0.0109
2.41	0.00763
2.415	0.00482
2.42	0.00283
2.425	0.00182
2.43	0.00196
2.435	0.00282
2.44	0.00383
2.445	0.00466
2.45	0.00502
2.455	0.00503
2.46	0.00493
2.465	0.00447
2.47	0.00358
2.475	0.00268
2.48	0.00234
2.485	0.00232
2.49	0.00225
2.495	0.00225
2.5	0.00263
2.505	0.00354
2.51	0.00486
2.515	0.00623
2.52	0.00685
2.525	0.00599
2.53	0.00325
2.535	-0.00131
2.54	-0.00639
2.545	-0.0114
2.55	-0.0156
2.555	-0.0187
2.56	-0.0202
2.565	-0.0216
2.57	-0.023
2.575	-0.0239
2.58	-0.0243
2.585	-0.0241
2.59	-0.0233
2.595	-0.0219
2.6	-0.02
2.605	-0.0183
2.61	-0.017
2.615	-0.0162
2.62	-0.016
2.625	-0.0159
2.63	-0.0162
2.635	-0.0173
2.64	-0.0191
2.645	-0.0206
2.65	-0.022
2.655	-0.0235
2.66	-0.025
2.665	-0.0274
2.67	-0.0302
2.675	-0.0326
2.68	-0.0341
2.685	-0.0346
2.69	-0.034
2.695	-0.0322
2.7	-0.0296
2.705	-0.0262
2.71	-0.0225
2.715	-0.019
2.72	-0.0161
2.725	-0.013
2.73	-0.00955
2.735	-0.00596
2.74	-0.00252
2.745	0.000531
2.75	0.00313
2.755	0.00549
2.76	0.00764
2.765	0.00924
2.77	0.00986
2.775	0.00951
2.78	0.00839
2.785	0.00745
2.79	0.00739
2.795	0.0083
2.8	0.00921
2.805	0.00934
2.81	0.00892
2.815	0.0083
2.82	0.00785
2.825	0.00785
2.83	0.00823
2.835	0.00882
2.84	0.00928
2.845	0.00933
2.85	0.0089
2.855	0.00792
2.86	0.00644
2.865	0.00428
2.87	0.00132
2.875	-0.00153
2.88	-0.00319
2.885	-0.00369
2.89	-0.00306
2.895	-0.00159
2.9	0.000138
2.905	0.00207
2.91	0.00415
2.915	0.00633
2.92	0.00835
2.925	0.00979
2.93	0.0103
2.935	0.0103
2.94	0.0103
2.945	0.0109
2.95	0.0119
2.955	0.0134
2.96	0.0148
2.965	0.0162
2.97	0.0176
2.975	0.0185
2.98	0.0188
2.985	0.0188
2.99	0.0189
2.995	0.0191
3	0.0196
3.005	0.0205
3.01	0.0217
3.015	0.0234
3.02	0.0253
3.025	0.027
3.03	0.028
3.035	0.028
3.04	0.0272
3.045	0.0259
3.05	0.0247
3.055	0.0236
3.06	0.0223
3.065	0.0211
3.07	0.0201
3.075	0.0193
3.08	0.0184
3.085	0.0174
3.09	0.0164
3.095	0.0152
3.1	0.0138
3.105	0.0129
3.11	0.0127
3.115	0.0132
3.12	0.0135
3.125	0.0135
3.13	0.0138
3.135	0.0144
3.14	0.0151
3.145	0.0158
3.15	0.0166
3.155	0.0173
3.16	0.0178
3.165	0.0177
3.17	0.0168
3.175	0.0148
3.18	0.012
3.185	0.00902
3.19	0.00584
3.195	0.00311
3.2	0.000629
3.205	-0.00183
3.21	-0.00445
3.215	-0.00749
3.22	-0.01
3.225	-0.0116
3.23	-0.0126
3.235	-0.0129
3.24	-0.0128
3.245	-0.0126
3.25	-0.0125
3.255	-0.0129
3.26	-0.0145
3.265	-0.017
3.27	-0.0195
3.275	-0.0194
3.28	-0.0155
3.285	-0.011
3.29	-0.00955
3.295	-0.00987
3.3	-0.0102
3.305	-0.00989
3.31	-0.00932
3.315	-0.00902
3.32	-0.00871
3.325	-0.0081
3.33	-0.00716
3.335	-0.00598
3.34	-0.00467
3.345	-0.00328
3.35	-0.00165
3.355	0.000314
3.36	0.00245
3.365	0.00454
3.37	0.00643
3.375	0.00792
3.38	0.00888
3.385	0.00914
3.39	0.00873
3.395	0.00765
3.4	0.00608
3.405	0.00424
3.41	0.00248
3.415	0.00157
3.42	0.00172
3.425	0.00273
3.43	0.00411
3.435	0.00542
3.44	0.00654
3.445	0.00721
3.45	0.00725
3.455	0.00646
3.46	0.00508
3.465	0.00326
3.47	0.001
3.475	-0.00127
3.48	-0.00299
3.485	-0.00437
3.49	-0.00576
3.495	-0.00714
3.5	-0.00843
3.505	-0.00965
3.51	-0.011
3.515	-0.0127
3.52	-0.0149
3.525	-0.0177
3.53	-0.0205
3.535	-0.0233
3.54	-0.0261
3.545	-0.0285
3.55	-0.0303
3.555	-0.0314
3.56	-0.0319
3.565	-0.0319
3.57	-0.0314
3.575	-0.0312
3.58	-0.0313
3.585	-0.0314
3.59	-0.0312
3.595	-0.0308
3.6	-0.0304
3.605	-0.0302
3.61	-0.03
3.615	-0.0289
3.62	-0.0267
3.625	-0.0241
3.63	-0.0214
3.635	-0.019
3.64	-0.0171
3.645	-0.0155
3.65	-0.0143
3.655	-0.0133
3.66	-0.0121
3.665	-0.00996
3.67	-0.00723
3.675	-0.00519
3.68	-0.00383
3.685	-0.00245
3.69	-0.00114
3.695	-0.000121
3.7	0.000481
3.705	0.000744
3.71	0.000737
3.715	0.000739
3.72	0.000919
3.725	0.0014
3.73	0.00218
3.735	0.00298
3.74	0.00362
3.745	0.00384
3.75	0.00341
3.755	0.00242
3.76	0.00128
3.765	0.000969
3.77	0.0021
3.775	0.00426
3.78	0.00731
3.785	0.0101
3.79	0.0123
3.795	0.0137
3.8	0.0146
3.805	0.0155
3.81	0.0165
3.815	0.0176
3.82	0.0188
3.825	0.0201
3.83	0.021
3.835	0.0209
3.84	0.0191
3.845	0.016
3.85	0.0137
3.855	0.0128
3.86	0.0125
3.865	0.0124
3.87	0.0123
3.875	0.0121
3.88	0.0122
3.885	0.0126
3.89	0.0131
3.895	0.0134
3.9	0.0134
3.905	0.0135
3.91	0.0135
3.915	0.0136
3.92	0.0134
3.925	0.013
3.93	0.0124
3.935	0.0121
3.94	0.0121
3.945	0.0121
3.95	0.0121
3.955	0.0122
3.96	0.0122
3.965	0.0119
3.97	0.0111
3.975	0.00986
3.98	0.00784
3.985	0.00533
3.99	0.00285
3.995	0.000166
4	-0.00264
4.005	-0.00543
4.01	-0.00802
4.015	-0.0101
4.02	-0.0116
4.025	-0.0131
4.03	-0.0148
4.035	-0.0164
4.04	-0.0175
4.045	-0.0187
4.05	-0.0201
4.055	-0.0216
4.06	-0.0229
4.065	-0.0238
4.07	-0.0241
4.075	-0.0242
4.08	-0.0242
4.085	-0.0241
4.09	-0.0235
4.095	-0.0225
4.1	-0.0213
4.105	-0.0202
4.11	-0.0194
4.115	-0.0187
4.12	-0.0181
4.125	-0.0175
4.13	-0.0167
4.135	-0.0154
4.14	-0.0136
4.145	-0.0113
4.15	-0.00873
4.155	-0.00598
4.16	-0.00306
4.165	-0.0000461
4.17	0.00269
4.175	0.00444
4.18	0.00461
4.185	0.00359
4.19	0.00215
4.195	0.00139
4.2	0.00165
4.205	0.00263
4.21	0.00387
4.215	0.00523
4.22	0.00717
4.225	0.00993
4.23	0.013
4.235	0.0158
4.24	0.0177
4.245	0.0181
4.25	0.0173
4.255	0.0156
4.26	0.014
4.265	0.0127
4.27	0.0118
4.275	0.0118
4.28	0.0126
4.285	0.0133
4.29	0.0136
4.295	0.0135
4.3	0.0128
4.305	0.0116
4.31	0.0103
4.315	0.00887
4.32	0.00697
4.325	0.0047
4.33	0.00262
4.335	0.00109
4.34	-0.00026
4.345	-0.00188
4.35	-0.00395
4.355	-0.00634
4.36	-0.00839
4.365	-0.00978
4.37	-0.0111
4.375	-0.013
4.38	-0.0145
4.385	-0.0149
4.39	-0.0141
4.395	-0.0126
4.4	-0.0106
4.405	-0.00817
4.41	-0.00505
4.415	-0.00157
4.42	0.00187
4.425	0.00496
4.43	0.00735
4.435	0.00896
4.44	0.0098
4.445	0.0103
4.45	0.0104
4.455	0.0105
4.46	0.0105
4.465	0.0106
4.47	0.0108
4.475	0.0111
4.48	0.0115
4.485	0.0114
4.49	0.0108
4.495	0.0102
4.5	0.00901
4.505	0.00723
4.51	0.00466
4.515	0.00131
4.52	-0.00248
4.525	-0.00588
4.53	-0.00824
4.535	-0.00985
4.54	-0.0115
4.545	-0.0135
4.55	-0.0155
4.555	-0.017
4.56	-0.0179
4.565	-0.0187
4.57	-0.0198
4.575	-0.0213
4.58	-0.0228
4.585	-0.0242
4.59	-0.0252
4.595	-0.0256
4.6	-0.0252
4.605	-0.0243
4.61	-0.0229
4.615	-0.0211
4.62	-0.0186
4.625	-0.0152
4.63	-0.0112
4.635	-0.00706
4.64	-0.00317
4.645	0.000184
4.65	0.00289
4.655	0.00506
4.66	0.00727
4.665	0.00974
4.67	0.0119
4.675	0.0136
4.68	0.0156
4.685	0.0184
4.69	0.0213
4.695	0.0239
4.7	0.0261
4.705	0.0278
4.71	0.0293
4.715	0.0306
4.72	0.0317
4.725	0.0324
4.73	0.0333
4.735	0.0342
4.74	0.035
4.745	0.0353
4.75	0.035
4.755	0.0339
4.76	0.0331
4.765	0.0323
4.77	0.0318
4.775	0.0318
4.78	0.0315
4.785	0.0307
4.79	0.0297
4.795	0.0284
4.8	0.0269
4.805	0.0255
4.81	0.0242
4.815	0.0231
4.82	0.0223
4.825	0.0213
4.83	0.0196
4.835	0.0175
4.84	0.0154
4.845	0.0132
4.85	0.0111
4.855	0.00888
4.86	0.00695
4.865	0.00528
4.87	0.00327
4.875	0.000666
4.88	-0.00207
4.885	-0.00448
4.89	-0.00652
4.895	-0.00843
4.9	-0.0101
4.905	-0.0115
4.91	-0.013
4.915	-0.0145
4.92	-0.0159
4.925	-0.0172
4.93	-0.0183
4.935	-0.0191
4.94	-0.0199
4.945	-0.0206
4.95	-0.0211
4.955	-0.0214
4.96	-0.0214
4.965	-0.0214
4.97	-0.0212
4.975	-0.0207
4.98	-0.0203
4.985	-0.0201
4.99	-0.02
4.995	-0.0195
5	-0.0188
5.005	-0.0181
5.01	-0.017
5.015	-0.0158
5.02	-0.0146
5.025	-0.0138
5.03	-0.0132
5.035	-0.0124
5.04	-0.0114
5.045	-0.0102
5.05	-0.00909
5.055	-0.00814
5.06	-0.00711
5.065	-0.00595
5.07	-0.0051
5.075	-0.00483
5.08	-0.0048
5.085	-0.00473
5.09	-0.00469
5.095	-0.00479
5.1	-0.00513
5.105	-0.00562
5.11	-0.00598
5.115	-0.00654
5.12	-0.0077
5.125	-0.00904
5.13	-0.0102
5.135	-0.011
5.14	-0.0117
5.145	-0.0124
5.15	-0.0128
5.155	-0.013
5.16	-0.013
5.165	-0.013
5.17	-0.013
5.175	-0.0131
5.18	-0.0132
5.185	-0.0132
5.19	-0.013
5.195	-0.0123
5.2	-0.011
5.205	-0.00932
5.21	-0.00784
5.215	-0.00682
5.22	-0.00582
5.225	-0.00464
5.23	-0.00374
5.235	-0.00344
5.24	-0.00344
5.245	-0.00345
5.25	-0.00346
5.255	-0.00338
5.26	-0.00307
5.265	-0.00245
5.27	-0.00173
5.275	-0.00111
5.28	-0.000711
5.285	-0.000585
5.29	-0.000568
5.295	-0.000554
5.3	-0.000582
5.305	-0.000655
5.31	-0.000675
5.315	-0.000444
5.32	0.000213
5.325	0.00116
5.33	0.00169
5.335	0.0014
5.34	0.000928
5.345	0.000778
5.35	0.000775
5.355	0.000819
5.36	0.00107
5.365	0.00171
5.37	0.00269
5.375	0.00387
5.38	0.00496
5.385	0.00578
5.39	0.0065
5.395	0.00716
5.4	0.00762
5.405	0.00778
5.41	0.00778
5.415	0.00776
5.42	0.00776
5.425	0.00786
5.43	0.00818
5.435	0.0087
5.44	0.00914
5.445	0.00929
5.45	0.00929
5.455	0.00919
5.46	0.00889
5.465	0.00842
5.47	0.00806
5.475	0.00794
5.48	0.00775
5.485	0.00719
5.49	0.00628
5.495	0.00502
5.5	0.00343
5.505	0.00157
5.51	-0.000371
5.515	-0.0017
5.52	-0.00223
5.525	-0.00221
5.53	-0.00224
5.535	-0.00298
5.54	-0.00394
5.545	-0.00446
5.55	-0.00462
5.555	-0.00459
5.56	-0.00459
5.565	-0.00461
5.57	-0.00464
5.575	-0.00466
5.58	-0.00467
5.585	-0.00469
5.59	-0.00472
5.595	-0.00472
5.6	-0.00464
5.605	-0.0044
5.61	-0.00403
5.615	-0.00371
5.62	-0.00349
5.625	-0.00287
5.63	-0.00132
5.635	0.00082
5.64	0.0029
5.645	0.00474
5.65	0.00625
5.655	0.00741
5.66	0.00832
5.665	0.00907
5.67	0.00981
5.675	0.0106
5.68	0.0114
5.685	0.0124
5.69	0.0138
5.695	0.015
5.7	0.0157
5.705	0.0158
5.71	0.0153
5.715	0.0146
5.72	0.0141
5.725	0.0138
5.73	0.0136
5.735	0.0131
5.74	0.0122
5.745	0.0115
5.75	0.011
5.755	0.0104
5.76	0.00955
5.765	0.00864
5.77	0.00811
5.775	0.00798
5.78	0.00823
5.785	0.00869
5.79	0.00914
5.795	0.00933
5.8	0.00933
5.805	0.00926
5.81	0.00901
5.815	0.00855
5.82	0.0081
5.825	0.00794
5.83	0.00796
5.835	0.00797
5.84	0.00793
5.845	0.00788
5.85	0.00785
5.855	0.00786
5.86	0.00794
5.865	0.00805
5.87	0.00801
5.875	0.00756
5.88	0.00651
5.885	0.00509
5.89	0.00378
5.895	0.00268
5.9	0.00179
5.905	0.000925
5.91	-0.0000915
5.915	-0.00107
5.92	-0.0019
5.925	-0.00264
5.93	-0.00309
5.935	-0.00334
5.94	-0.00379
5.945	-0.00426
5.95	-0.00451
5.955	-0.00468
5.96	-0.00512
5.965	-0.00582
5.97	-0.00651
5.975	-0.00718
5.98	-0.00788
5.985	-0.00862
5.99	-0.00936
5.995	-0.00997
6	-0.0102
6.005	-0.0101
6.01	-0.00962
6.015	-0.00889
6.02	-0.00822
6.025	-0.00776
6.03	-0.00762
6.035	-0.00771
6.04	-0.00764
6.045	-0.00719
6.05	-0.00629
6.055	-0.00526
6.06	-0.00476
6.065	-0.00461
6.07	-0.0042
6.075	-0.00364
6.08	-0.00333
6.085	-0.00326
6.09	-0.00322
6.095	-0.00334
6.1	-0.00376
6.105	-0.0045
6.11	-0.00533
6.115	-0.00612
6.12	-0.00668
6.125	-0.00668
6.13	-0.0062
6.135	-0.00608
6.14	-0.00628
6.145	-0.00626
6.15	-0.00566
6.155	-0.00432
6.16	-0.00277
6.165	-0.002
6.17	-0.00185
6.175	-0.00143
6.18	-0.00087
6.185	-0.000617
6.19	-0.000643
6.195	-0.000604
6.2	-0.000342
6.205	0.000185
6.21	0.000756
6.215	0.0009
6.22	0.000536
6.225	-0.0000461
6.23	-0.000475
6.235	-0.00041
6.24	-0.000371
6.245	-0.000565
6.25	-0.000997
6.255	-0.00153
6.26	-0.00187
6.265	-0.00215
6.27	-0.00265
6.275	-0.00312
6.28	-0.00331
6.285	-0.00377
6.29	-0.00454
6.295	-0.00525
6.3	-0.00575
6.305	-0.00594
6.31	-0.00591
6.315	-0.00594
6.32	-0.00604
6.325	-0.00608
6.33	-0.00592
6.335	-0.00542
6.34	-0.00469
6.345	-0.00407
6.35	-0.00367
6.355	-0.00345
6.36	-0.00309
6.365	-0.00218
6.37	-0.000902
6.375	0.0000492
6.38	0.000538
6.385	0.000716
6.39	0.000689
6.395	0.000749
6.4	0.000999
6.405	0.00145
6.41	0.00194
6.415	0.0022
6.42	0.00239
6.425	0.00286
6.43	0.00345
6.435	0.00369
6.44	0.00351
6.445	0.0031
6.45	0.00261
6.455	0.00234
6.46	0.00228
6.465	0.00233
6.47	0.00267
6.475	0.00352
6.48	0.00466
6.485	0.00557
6.49	0.00637
6.495	0.00742
6.5	0.0086
6.505	0.0096
6.51	0.0105
6.515	0.0117
6.52	0.013
6.525	0.014
6.53	0.0148
6.535	0.0154
6.54	0.0159
6.545	0.0161
6.55	0.0162
6.555	0.0162
6.56	0.0163
6.565	0.0163
6.57	0.0163
6.575	0.0162
6.58	0.016
6.585	0.0154
6.59	0.0148
6.595	0.0139
6.6	0.0123
6.605	0.0101
6.61	0.00765
6.615	0.00549
6.62	0.00349
6.625	0.00135
6.63	-0.00059
6.635	-0.00242
6.64	-0.00395
6.645	-0.00568
6.65	-0.00771
6.655	-0.0096
6.66	-0.0107
6.665	-0.0112
6.67	-0.0113
6.675	-0.0116
6.68	-0.0124
6.685	-0.0135
6.69	-0.0139
6.695	-0.0138
6.7	-0.0132
6.705	-0.013
6.71	-0.013
6.715	-0.0127
6.72	-0.0119
6.725	-0.0109
6.73	-0.00952
6.735	-0.00811
6.74	-0.00667
6.745	-0.00524
6.75	-0.00408
6.755	-0.00354
6.76	-0.00363
6.765	-0.00363
6.77	-0.00325
6.775	-0.00234
6.78	-0.00112
6.785	-0.000465
6.79	-0.000479
6.795	-0.000547
6.8	-0.000686
6.805	-0.00101
6.81	-0.00145
6.815	-0.00165
6.82	-0.00182
6.825	-0.00254
6.83	-0.00389
6.835	-0.0053
6.84	-0.00664
6.845	-0.00798
6.85	-0.00934
6.855	-0.0107
6.86	-0.0121
6.865	-0.0133
6.87	-0.014
6.875	-0.0142
6.88	-0.0143
6.885	-0.0144
6.89	-0.0144
6.895	-0.0141
6.9	-0.0135
6.905	-0.0128
6.91	-0.0121
6.915	-0.0114
6.92	-0.0108
6.925	-0.0101
6.93	-0.0093
6.935	-0.00825
6.94	-0.00705
6.945	-0.00604
6.95	-0.00522
6.955	-0.00418
6.96	-0.0028
6.965	-0.00138
6.97	-0.000113
6.975	0.000932
6.98	0.00183
6.985	0.00293
6.99	0.00422
6.995	0.00532
7	0.00619
7.005	0.0073
7.01	0.00849
7.015	0.00914
7.02	0.00922
7.025	0.00959
7.03	0.0104
7.035	0.0112
7.04	0.0119
7.045	0.0122
7.05	0.012
7.055	0.0114
7.06	0.0105
7.065	0.00998
7.07	0.00971
7.075	0.00941
7.08	0.00867
7.085	0.00756
7.09	0.00688
7.095	0.00682
7.1	0.00669
7.105	0.00609
7.11	0.00507
7.115	0.00412
7.12	0.00327
7.125	0.00263
7.13	0.00251
7.135	0.00253
7.14	0.00249
7.145	0.00243
7.15	0.00238
7.155	0.00235
7.16	0.00236
7.165	0.00242
7.17	0.0025
7.175	0.0025
7.18	0.00227
7.185	0.00168
7.19	0.000865
7.195	0.000403
7.2	0.000406
7.205	-0.0000792
7.21	-0.00146
7.215	-0.00268
7.22	-0.00349
7.225	-0.00417
7.23	-0.00457
7.235	-0.00495
7.24	-0.00551
7.245	-0.00588
7.25	-0.00623
7.255	-0.00684
7.26	-0.0075
7.265	-0.00844
7.27	-0.0096
7.275	-0.00996
7.28	-0.00961
7.285	-0.00925
7.29	-0.00933
7.295	-0.00987
7.3	-0.0102
7.305	-0.0102
7.31	-0.0101
7.315	-0.0101
7.32	-0.01
7.325	-0.0101
7.33	-0.0103
7.335	-0.0107
7.34	-0.0113
7.345	-0.0115
7.35	-0.0114
7.355	-0.0116
7.36	-0.012
7.365	-0.0126
7.37	-0.0129
7.375	-0.0133
7.38	-0.0137
7.385	-0.014
7.39	-0.0136
7.395	-0.0129
7.4	-0.0122
7.405	-0.0116
7.41	-0.0109
7.415	-0.0103
7.42	-0.00956
7.425	-0.00862
7.43	-0.00725
7.435	-0.00553
7.44	-0.00363
7.445	-0.00185
7.45	-0.000375
7.455	0.000975
7.46	0.00236
7.465	0.00381
7.47	0.00529
7.475	0.00676
7.48	0.00812
7.485	0.00922
7.49	0.00999
7.495	0.0106
7.5	0.0114
7.505	0.0125
7.51	0.0138
7.515	0.015
7.52	0.0158
7.525	0.0165
7.53	0.0172
7.535	0.0176
7.54	0.0176
7.545	0.0172
7.55	0.0168
7.555	0.0165
7.56	0.0164
7.565	0.0162
7.57	0.0156
7.575	0.0147
7.58	0.0138
7.585	0.0129
7.59	0.012
7.595	0.011
7.6	0.0101
7.605	0.00922
7.61	0.00845
7.615	0.008
7.62	0.00768
7.625	0.00741
7.63	0.00753
7.635	0.00761
7.64	0.00719
7.645	0.00678
7.65	0.00673
7.655	0.00679
7.66	0.00663
7.665	0.00608
7.67	0.00521
7.675	0.00452
7.68	0.00418
7.685	0.00391
7.69	0.0033
7.695	0.00227
7.7	0.00141
7.705	0.00107
7.71	0.000823
7.715	0.000384
7.72	-0.0000207
7.725	-0.000326
7.73	-0.00088
7.735	-0.0018
7.74	-0.00258
7.745	-0.00296
7.75	-0.00302
7.755	-0.00299
7.76	-0.003
7.765	-0.00305
7.77	-0.0031
7.775	-0.00312
7.78	-0.00311
7.785	-0.00306
7.79	-0.003
7.795	-0.003
7.8	-0.00318
7.805	-0.00363
7.81	-0.00422
7.815	-0.00448
7.82	-0.00446
7.825	-0.00446
7.83	-0.00446
7.835	-0.00442
7.84	-0.00436
7.845	-0.00441
7.85	-0.00474
7.855	-0.00546
7.86	-0.00634
7.865	-0.007
7.87	-0.00715
7.875	-0.00705
7.88	-0.00712
7.885	-0.00753
7.89	-0.0083
7.895	-0.00911
7.9	-0.00949
7.905	-0.00919
7.91	-0.00874
7.915	-0.00863
7.92	-0.0087
7.925	-0.00874
7.93	-0.00875
7.935	-0.00873
7.94	-0.00871
7.945	-0.00869
7.95	-0.00868
7.955	-0.00869
7.96	-0.00872
7.965	-0.00876
7.97	-0.00878
7.975	-0.00868
7.98	-0.00838
7.985	-0.00792
7.99	-0.00756
7.995	-0.0074
8	-0.0071
8.005	-0.00642
8.01	-0.00561
8.015	-0.00497
8.02	-0.00464
8.025	-0.00464
8.03	-0.00471
8.035	-0.00465
8.04	-0.00429
8.045	-0.00352
8.05	-0.00248
8.055	-0.00131
8.06	-0.000303
8.065	0.000537
8.07	0.00158
8.075	0.00284
8.08	0.00393
8.085	0.0047
8.09	0.00542
8.095	0.00617
8.1	0.00697
8.105	0.00775
8.11	0.00844
8.115	0.00893
8.12	0.0092
8.125	0.00948
8.13	0.0103
8.135	0.0116
8.14	0.0126
8.145	0.0133
8.15	0.0139
8.155	0.0147
8.16	0.0155
8.165	0.0161
8.17	0.0164
8.175	0.0164
8.18	0.0164
8.185	0.0164
8.19	0.0165
8.195	0.0166
8.2	0.0166
8.205	0.0166
8.21	0.0161
8.215	0.0153
8.22	0.0143
8.225	0.0133
8.23	0.0128
8.235	0.0125
8.24	0.0121
8.245	0.0113
8.25	0.0102
8.255	0.00882
8.26	0.00755
8.265	0.00633
8.27	0.00499
8.275	0.00359
8.28	0.00216
8.285	0.00079
8.29	-0.000394
8.295	-0.00122
8.3	-0.00178
8.305	-0.0026
8.31	-0.00347
8.315	-0.00348
8.32	-0.00376
8.325	-0.00474
8.33	-0.00548
8.335	-0.00581
8.34	-0.00644
8.345	-0.00749
8.35	-0.0083
8.355	-0.00858
8.36	-0.00861
8.365	-0.00856
8.37	-0.0083
8.375	-0.00773
8.38	-0.00707
8.385	-0.00654
8.39	-0.00618
8.395	-0.00587
8.4	-0.00528
8.405	-0.00431
8.41	-0.00353
8.415	-0.00316
8.42	-0.00258
8.425	-0.00145
8.43	-0.000254
8.435	0.000526
8.44	0.000924
8.445	0.00103
8.45	0.00103
8.455	0.00106
8.46	0.00113
8.465	0.00122
8.47	0.00131
8.475	0.00127
8.48	0.000936
8.485	0.000226
8.49	-0.000636
8.495	-0.0013
8.5	-0.00149
8.505	-0.00147
8.51	-0.00163
8.515	-0.00204
8.52	-0.00256
8.525	-0.00285
8.53	-0.00321
8.535	-0.00409
8.54	-0.00522
8.545	-0.00563
8.55	-0.00556
8.555	-0.00578
8.56	-0.00654
8.565	-0.00769
8.57	-0.00854
8.575	-0.00897
8.58	-0.00975
8.585	-0.0107
8.59	-0.0114
8.595	-0.0121
8.6	-0.013
8.605	-0.0133
8.61	-0.0129
8.615	-0.0127
8.62	-0.0125
8.625	-0.0121
8.63	-0.0115
8.635	-0.0107
8.64	-0.00979
8.645	-0.00862
8.65	-0.00749
8.655	-0.00665
8.66	-0.00599
8.665	-0.00519
8.67	-0.00422
8.675	-0.00314
8.68	-0.00226
8.685	-0.00178
8.69	-0.0013
8.695	-0.000395
8.7	0.000546
8.705	0.00107
8.71	0.00155
8.715	0.00244
8.72	0.00333
8.725	0.00379
8.73	0.00425
8.735	0.00526
8.74	0.00649
8.745	0.00737
8.75	0.0079
8.755	0.0082
8.76	0.00826
8.765	0.00803
8.77	0.00729
8.775	0.00614
8.78	0.00543
8.785	0.0057
8.79	0.00614
8.795	0.00633
8.8	0.006
8.805	0.00549
8.81	0.00544
8.815	0.00545
8.82	0.00542
8.825	0.00545
8.83	0.00565
8.835	0.00609
8.84	0.00661
8.845	0.00685
8.85	0.00683
8.855	0.00682
8.86	0.00684
8.865	0.00686
8.87	0.00687
8.875	0.00687
8.88	0.00688
8.885	0.00692
8.89	0.00696
8.895	0.00694
8.9	0.00676
8.905	0.00637
8.91	0.00595
8.915	0.00596
8.92	0.00628
8.925	0.00623
8.93	0.00607
8.935	0.00665
8.94	0.00694
8.945	0.00662
8.95	0.00604
8.955	0.00551
8.96	0.00563
8.965	0.00573
8.97	0.00545
8.975	0.00465
8.98	0.00348
8.985	0.00279
8.99	0.00274
8.995	0.00286
9	0.00295
9.005	0.00291
9.01	0.00256
9.015	0.00177
9.02	0.000789
9.025	0.000445
9.03	0.000921
9.035	0.00133
9.04	0.00136
9.045	0.00129
9.05	0.00125
9.055	0.00124
9.06	0.00126
9.065	0.00128
9.07	0.00129
9.075	0.00129
9.08	0.00128
9.085	0.00126
9.09	0.00127
9.095	0.00131
9.1	0.00136
9.105	0.00138
9.11	0.00124
9.115	0.000885
9.12	0.000415
9.125	0.000272
9.13	0.000725
9.135	0.00143
9.14	0.0021
9.145	0.00276
9.15	0.00347
9.155	0.00418
9.16	0.00481
9.165	0.00522
9.17	0.00535
9.175	0.00541
9.18	0.00552
9.185	0.00563
9.19	0.00554
9.195	0.00503
9.2	0.00406
9.205	0.00312
9.21	0.00276
9.215	0.00277
9.22	0.00274
9.225	0.00272
9.23	0.00284
9.235	0.00313
9.24	0.00347
9.245	0.00345
9.25	0.00278
9.255	0.0019
9.26	0.00137
9.265	0.000762
9.27	-0.000315
9.275	-0.00128
9.28	-0.00184
9.285	-0.0028
9.29	-0.00385
9.295	-0.00454
9.3	-0.00602
9.305	-0.00803
9.31	-0.00954
9.315	-0.0107
9.32	-0.0115
9.325	-0.0117
9.33	-0.0119
9.335	-0.0128
9.34	-0.0139
9.345	-0.014
9.35	-0.0139
9.355	-0.0139
9.36	-0.014
9.365	-0.014
9.37	-0.014
9.375	-0.014
9.38	-0.014
9.385	-0.014
9.39	-0.014
9.395	-0.0141
9.4	-0.0142
9.405	-0.0139
9.41	-0.0132
9.415	-0.0119
9.42	-0.0109
9.425	-0.0101
9.43	-0.00902
9.435	-0.00794
9.44	-0.0073
9.445	-0.00699
9.45	-0.00622
9.455	-0.00511
9.46	-0.00447
9.465	-0.00415
9.47	-0.00333
9.475	-0.00212
9.48	-0.00147
9.485	-0.00151
9.49	-0.00159
9.495	-0.00157
9.5	-0.00144
9.505	-0.00115
9.51	-0.000771
9.515	-0.000573
9.52	-0.00102
9.525	-0.00169
9.53	-0.00128
9.535	0.0000129
9.54	0.00177
9.545	0.00279
9.55	0.00271
9.555	0.00262
9.56	0.00265
9.565	0.00273
9.57	0.0028
9.575	0.00283
9.58	0.00284
9.585	0.00283
9.59	0.00282
9.595	0.00281
9.6	0.00281
9.605	0.00282
9.61	0.00283
9.615	0.00284
9.62	0.00284
9.625	0.00281
9.63	0.00276
9.635	0.00273
9.64	0.00284
9.645	0.0032
9.65	0.00376
9.655	0.00419
9.66	0.00432
9.665	0.00432
9.67	0.00407
9.675	0.0034
9.68	0.00241
9.685	0.0018
9.69	0.0017
9.695	0.00144
9.7	0.000721
9.705	-0.00021
9.71	-0.000993
9.715	-0.00129
9.72	-0.00125
9.725	-0.00107
9.73	-0.000734
9.735	-0.000407
9.74	-0.000564
9.745	-0.00137
9.75	-0.00214
9.755	-0.00248
9.76	-0.0025
9.765	-0.0024
9.77	-0.00253
9.775	-0.00312
9.78	-0.00413
9.785	-0.00506
9.79	-0.00533
9.795	-0.00521
9.8	-0.00531
9.805	-0.00584
9.81	-0.00679
9.815	-0.00771
9.82	-0.00813
9.825	-0.00834
9.83	-0.00884
9.835	-0.00944
9.84	-0.00959
9.845	-0.00917
9.85	-0.0085
9.855	-0.00805
9.86	-0.00833
9.865	-0.00854
9.87	-0.00768
9.875	-0.00711
9.88	-0.00665
9.885	-0.0053
9.89	-0.00318
9.895	-0.0011
9.9	0.000728
9.905	0.0023
9.91	0.0037
9.915	0.00519
9.92	0.00672
9.925	0.0081
9.93	0.00909
9.935	0.00958
9.94	0.00994
9.945	0.0109
9.95	0.0124
9.955	0.0138
9.96	0.0149
9.965	0.0158
9.97	0.0167
9.975	0.0179
9.98	0.0194
9.985	0.0208
9.99	0.0219
9.995	0.0224
10	0.0224
10.005	0.0224
10.01	0.0225
10.015	0.0227
10.02	0.0228
10.025	0.0227
10.03	0.0221
10.035	0.021
10.04	0.0199
10.045	0.02
10.05	0.0201
10.055	0.0196
10.06	0.0184
10.065	0.0168
10.07	0.016
10.075	0.0151
10.08	0.0138
10.085	0.0124
10.09	0.0111
10.095	0.00975
10.1	0.00828
10.105	0.00656
10.11	0.00455
10.115	0.00248
10.12	0.000305
10.125	-0.00165
10.13	-0.00306
10.135	-0.00365
10.14	-0.0039
10.145	-0.00436
10.15	-0.00485
10.155	-0.00532
10.16	-0.00607
10.165	-0.00723
10.17	-0.00808
10.175	-0.00839
10.18	-0.00878
10.185	-0.00899
10.19	-0.00862
10.195	-0.00808
10.2	-0.00801
10.205	-0.00855
10.21	-0.00955
10.215	-0.0106
10.22	-0.011
10.225	-0.0107
10.23	-0.0102
10.235	-0.00968
10.24	-0.00937
10.245	-0.00936
10.25	-0.00956
10.255	-0.0102
10.26	-0.0113
10.265	-0.0123
10.27	-0.0123
10.275	-0.0122
10.28	-0.0122
10.285	-0.0122
10.29	-0.0123
10.295	-0.0124
10.3	-0.0125
10.305	-0.0125
10.31	-0.0122
10.315	-0.0114
10.32	-0.0102
10.325	-0.00964
10.33	-0.00953
10.335	-0.00915
10.34	-0.00854
10.345	-0.00818
10.35	-0.00816
10.355	-0.00816
10.36	-0.00814
10.365	-0.00812
10.37	-0.0081
10.375	-0.0081
10.38	-0.0081
10.385	-0.0081
10.39	-0.00811
10.395	-0.0081
10.4	-0.00808
10.405	-0.00806
10.41	-0.00805
10.415	-0.00811
10.42	-0.00822
10.425	-0.00829
10.43	-0.00809
10.435	-0.00737
10.44	-0.00614
10.445	-0.00505
10.45	-0.00441
10.455	-0.0041
10.46	-0.00404
10.465	-0.00402
10.47	-0.00396
10.475	-0.00391
10.48	-0.00388
10.485	-0.00387
10.49	-0.00387
10.495	-0.00389
10.5	-0.00391
10.505	-0.0039
10.51	-0.00386
10.515	-0.00379
10.52	-0.00374
10.525	-0.00381
10.53	-0.00405
10.535	-0.00433
10.54	-0.00431
10.545	-0.00351
10.55	-0.0026
10.555	-0.00227
10.56	-0.00227
10.565	-0.00246
10.57	-0.00301
10.575	-0.00392
10.58	-0.00462
10.585	-0.00478
10.59	-0.00436
10.595	-0.0036
10.6	-0.00294
10.605	-0.00256
10.61	-0.00256
10.615	-0.00286
10.62	-0.00313
10.625	-0.00306
10.63	-0.00287
10.635	-0.00313
10.64	-0.00342
10.645	-0.00306
10.65	-0.00227
10.655	-0.00155
10.66	-0.00113
10.665	-0.00116
10.67	-0.00152
10.675	-0.00185
10.68	-0.0017
10.685	-0.00115
10.69	-0.000878
10.695	-0.000934
10.7	-0.00104
10.705	-0.00113
10.71	-0.00106
10.715	-0.000657
10.72	0.000188
10.725	0.00118
10.73	0.00174
10.735	0.00213
10.74	0.00297
10.745	0.00395
10.75	0.00443
10.755	0.00483
10.76	0.00579
10.765	0.00708
10.77	0.00802
10.775	0.00871
10.78	0.00944
10.785	0.0102
10.79	0.0108
10.795	0.0113
10.8	0.0115
10.805	0.0117
10.81	0.0123
10.815	0.0131
10.82	0.0138
10.825	0.0142
10.83	0.0144
10.835	0.0144
10.84	0.0144
10.845	0.0145
10.85	0.0144
10.855	0.0144
10.86	0.0144
10.865	0.0146
10.87	0.0152
10.875	0.0159
10.88	0.0165
10.885	0.0167
10.89	0.0163
10.895	0.0158
10.9	0.0158
10.905	0.0159
10.91	0.016
10.915	0.016
10.92	0.0158
10.925	0.0153
10.93	0.0145
10.935	0.0138
10.94	0.0133
10.945	0.0129
10.95	0.012
10.955	0.011
10.96	0.0104
10.965	0.0103
10.97	0.0099
10.975	0.00939
10.98	0.00896
10.985	0.00839
10.99	0.00739
10.995	0.00638
11	0.00579
11.005	0.00448
11.01	0.00259
11.015	0.00111
11.02	-0.000157
11.025	-0.00115
11.03	-0.00178
11.035	-0.00234
11.04	-0.00361
11.045	-0.00522
11.05	-0.00588
11.055	-0.00639
11.06	-0.00714
11.065	-0.00821
11.07	-0.00894
11.075	-0.00942
11.08	-0.0105
11.085	-0.0117
11.09	-0.0119
11.095	-0.0118
11.1	-0.0118
11.105	-0.0122
11.11	-0.0129
11.115	-0.0137
11.12	-0.0144
11.125	-0.0149
11.13	-0.0148
11.135	-0.0141
11.14	-0.0128
11.145	-0.0114
11.15	-0.0101
11.155	-0.00905
11.16	-0.0084
11.165	-0.00809
11.17	-0.00809
11.175	-0.00809
11.18	-0.00782
11.185	-0.00707
11.19	-0.00588
11.195	-0.00485
11.2	-0.00419
11.205	-0.00352
11.21	-0.00268
11.215	-0.00162
11.22	-0.000532
11.225	0.000203
11.23	0.000619
11.235	0.0014
11.24	0.00254
11.245	0.00323
11.25	0.00332
11.255	0.00367
11.26	0.00441
11.265	0.00519
11.27	0.00596
11.275	0.00664
11.28	0.00713
11.285	0.00737
11.29	0.00749
11.295	0.00799
11.3	0.00889
11.305	0.00968
11.31	0.00996
11.315	0.00942
11.32	0.00827
11.325	0.00765
11.33	0.00766
11.335	0.00782
11.34	0.00793
11.345	0.00787
11.35	0.00742
11.355	0.00641
11.36	0.00517
11.365	0.00468
11.37	0.0043
11.375	0.00382
11.38	0.00374
11.385	0.0036
11.39	0.00292
11.395	0.00162
11.4	0.000151
11.405	-0.00129
11.41	-0.00264
11.415	-0.00375
11.42	-0.00445
11.425	-0.00488
11.43	-0.00568
11.435	-0.00685
11.44	-0.00764
11.445	-0.0083
11.45	-0.00923
11.455	-0.00973
11.46	-0.00941
11.465	-0.00897
11.47	-0.00905
11.475	-0.00957
11.48	-0.0102
11.485	-0.0105
11.49	-0.0105
11.495	-0.0104
11.5	-0.0101
11.505	-0.00955
11.51	-0.00914
11.515	-0.00905
11.52	-0.00913
11.525	-0.00922
11.53	-0.00924
11.535	-0.00902
11.54	-0.00838
11.545	-0.00738
11.55	-0.00659
11.555	-0.00634
11.56	-0.00612
11.565	-0.00556
11.57	-0.00481
11.575	-0.00405
11.58	-0.00331
11.585	-0.00267
11.59	-0.00226
11.595	-0.00211
11.6	-0.00208
11.605	-0.00205
11.61	-0.00207
11.615	-0.00214
11.62	-0.00219
11.625	-0.00201
11.63	-0.00137
11.635	-0.000323
11.64	0.00052
11.645	0.000735
11.65	0.000664
11.655	0.000615
11.66	0.000627
11.665	0.000763
11.67	0.00111
11.675	0.00165
11.68	0.00208
11.685	0.00219
11.69	0.00215
11.695	0.0021
11.7	0.00206
11.705	0.00213
11.71	0.00244
11.715	0.00306
11.72	0.00379
11.725	0.00442
11.73	0.00481
11.735	0.0049
11.74	0.00489
11.745	0.00492
11.75	0.00498
11.755	0.00506
11.76	0.0051
11.765	0.00501
11.77	0.00469
11.775	0.00417
11.78	0.00376
11.785	0.00365
11.79	0.00368
11.795	0.00367
11.8	0.00364
11.805	0.00361
11.81	0.00361
11.815	0.00365
11.82	0.00371
11.825	0.00367
11.83	0.00339
11.835	0.00278
11.84	0.00206
11.845	0.00144
11.85	0.00102
11.855	0.000862
11.86	0.000835
11.865	0.000898
11.87	0.00117
11.875	0.00167
11.88	0.00209
11.885	0.00223
11.89	0.00223
11.895	0.00216
11.9	0.00193
11.905	0.00152
11.91	0.00112
11.915	0.000839
11.92	0.000449
11.925	-0.00015
11.93	-0.000536
11.935	-0.000499
11.94	-0.000399
11.945	-0.000358
11.95	-0.000501
11.955	-0.001
11.96	-0.00185
11.965	-0.00257
11.97	-0.00269
11.975	-0.00236
11.98	-0.0021
11.985	-0.0025
11.99	-0.00331
11.995	-0.00401
12	-0.00444
12.005	-0.00453
12.01	-0.00449
12.015	-0.00459
12.02	-0.00496
12.025	-0.00556
12.03	-0.00608
12.035	-0.00646
12.04	-0.007
12.045	-0.00736
12.05	-0.00736
12.055	-0.00737
12.06	-0.00744
12.065	-0.0075
12.07	-0.00747
12.075	-0.00723
12.08	-0.00676
12.085	-0.00628
12.09	-0.00605
12.095	-0.00598
12.1	-0.00596
12.105	-0.00618
12.11	-0.00682
12.115	-0.00776
12.12	-0.00859
12.125	-0.00883
12.13	-0.00828
12.135	-0.00728
12.14	-0.00632
12.145	-0.00597
12.15	-0.00607
12.155	-0.00629
12.16	-0.00663
12.165	-0.00693
12.17	-0.00671
12.175	-0.00594
12.18	-0.00525
12.185	-0.00481
12.19	-0.00467
12.195	-0.0047
12.2	-0.00474
12.205	-0.00474
12.21	-0.00469
12.215	-0.00445
12.22	-0.00394
12.225	-0.00326
12.23	-0.00259
12.235	-0.00191
12.24	-0.00119
12.245	-0.000467
12.25	0.000182
12.255	0.000636
12.26	0.000859
12.265	0.00107
12.27	0.00154
12.275	0.00221
12.28	0.00297
12.285	0.00393
12.29	0.00515
12.295	0.00638
12.3	0.00722
12.305	0.00764
12.31	0.00774
12.315	0.00771
12.32	0.00791
12.325	0.00852
12.33	0.00953
12.335	0.0104
12.34	0.0107
12.345	0.0109
12.35	0.0115
12.355	0.0123
12.36	0.013
12.365	0.0134
12.37	0.0135
12.375	0.0135
12.38	0.0135
12.385	0.0136
12.39	0.0136
12.395	0.0136
12.4	0.0137
12.405	0.0137
12.41	0.0136
12.415	0.0133
12.42	0.0128
12.425	0.0124
12.43	0.0124
12.435	0.0124
12.44	0.0122
12.445	0.0114
12.45	0.0102
12.455	0.00952
12.46	0.0091
12.465	0.00825
12.47	0.00726
12.475	0.0066
12.48	0.00595
12.485	0.0051
12.49	0.0047
12.495	0.0047
12.5	0.00404
12.505	0.00312
12.51	0.00262
12.515	0.00215
12.52	0.00128
12.525	0.000373
12.53	-0.000132
12.535	-0.000631
12.54	-0.00155
12.545	-0.00247
12.55	-0.00286
12.555	-0.0031
12.56	-0.00372
12.565	-0.0046
12.57	-0.00535
12.575	-0.00568
12.58	-0.00574
12.585	-0.00601
12.59	-0.00652
12.595	-0.007
12.6	-0.00714
12.605	-0.0071
12.61	-0.00719
12.615	-0.00753
12.62	-0.00803
12.625	-0.00829
12.63	-0.00791
12.635	-0.00714
12.64	-0.00647
12.645	-0.00606
12.65	-0.00596
12.655	-0.00601
12.66	-0.00593
12.665	-0.00563
12.67	-0.00514
12.675	-0.0047
12.68	-0.00451
12.685	-0.00433
12.69	-0.00385
12.695	-0.00313
12.7	-0.00237
12.705	-0.00161
12.71	-0.000945
12.715	-0.000517
12.72	-0.000424
12.725	-0.000488
12.73	-0.000347
12.735	0.00022
12.74	0.00122
12.745	0.00218
12.75	0.00253
12.755	0.00248
12.76	0.00247
12.765	0.00252
12.77	0.00257
12.775	0.00259
12.78	0.00256
12.785	0.00252
12.79	0.00257
12.795	0.00283
12.8	0.00332
12.805	0.00379
12.81	0.00397
12.815	0.00395
12.82	0.00395
12.825	0.00397
12.83	0.00398
12.835	0.00398
12.84	0.00398
12.845	0.00402
12.85	0.0041
12.855	0.00417
12.86	0.00405
12.865	0.00354
12.87	0.00262
12.875	0.00171
12.88	0.00129
12.885	0.00107
12.89	0.00063
12.895	0.000194
12.9	0.0000755
12.905	0.000131
12.91	0.00000507
12.915	-0.000525
12.92	-0.00148
12.925	-0.00241
12.93	-0.00281
12.935	-0.00299
12.94	-0.00341
12.945	-0.0039
12.95	-0.00426
12.955	-0.00466
12.96	-0.00522
12.965	-0.00557
12.97	-0.00557
12.975	-0.00566
12.98	-0.00593
12.985	-0.00628
12.99	-0.00642
12.995	-0.00623
13	-0.00652
13.005	-0.00704
13.01	-0.00707
13.015	-0.00703
13.02	-0.00703
13.025	-0.00703
13.03	-0.00704
13.035	-0.00704
13.04	-0.00706
13.045	-0.0071
13.05	-0.00713
13.055	-0.00709
13.06	-0.00688
13.065	-0.00646
13.07	-0.00599
13.075	-0.00577
13.08	-0.00564
13.085	-0.00518
13.09	-0.00441
13.095	-0.00368
13.1	-0.00313
13.105	-0.00289
13.11	-0.00293
13.115	-0.00301
13.12	-0.00307
13.125	-0.00296
13.13	-0.00247
13.135	-0.00151
13.14	-0.00048
13.145	-0.000127
13.15	-0.000214
13.155	-0.000174
13.16	0.000111
13.165	0.000612
13.17	0.0011
13.175	0.00135
13.18	0.00157
13.185	0.00199
13.19	0.00244
13.195	0.0027
13.2	0.00297
13.205	0.00347
13.21	0.00396
13.215	0.00411
13.22	0.00404
13.225	0.00405
13.23	0.0043
13.235	0.00487
13.24	0.00562
13.245	0.00629
13.25	0.00675
13.255	0.00692
13.26	0.0069
13.265	0.00688
13.27	0.00689
13.275	0.00697
13.28	0.00722
13.285	0.00767
13.29	0.00812
13.295	0.0084
13.3	0.00868
13.305	0.00909
13.31	0.0093
13.315	0.00901
13.32	0.00856
13.325	0.00847
13.33	0.00856
13.335	0.00848
13.34	0.00801
13.345	0.00718
13.35	0.0064
13.355	0.006
13.36	0.00576
13.365	0.00531
13.37	0.00444
13.375	0.00354
13.38	0.00308
13.385	0.00296
13.39	0.00302
13.395	0.00297
13.4	0.00269
13.405	0.00219
13.41	0.00174
13.415	0.00162
13.42	0.00167
13.425	0.00154
13.43	0.00112
13.435	0.000512
13.44	0.000138
13.445	0.000183
13.45	0.000266
13.455	0.000266
13.46	0.00011
13.465	-0.000292
13.47	-0.000854
13.475	-0.00119
13.48	-0.0012
13.485	-0.00132
13.49	-0.00162
13.495	-0.00192
13.5	-0.00188
13.505	-0.00168
13.51	-0.00197
13.515	-0.00246
13.52	-0.00261
13.525	-0.00255
13.53	-0.00259
13.535	-0.00286
13.54	-0.00336
13.545	-0.00385
13.55	-0.00403
13.555	-0.00399
13.56	-0.00397
13.565	-0.00399
13.57	-0.00406
13.575	-0.00414
13.58	-0.00414
13.585	-0.00392
13.59	-0.00335
13.595	-0.00257
13.6	-0.00187
13.605	-0.00145
13.61	-0.00146
13.615	-0.0018
13.62	-0.0021
13.625	-0.00193
13.63	-0.00141
13.635	-0.00119
13.64	-0.00123
13.645	-0.00127
13.65	-0.00128
13.655	-0.00126
13.66	-0.0012
13.665	-0.00115
13.67	-0.00115
13.675	-0.00131
13.68	-0.00162
13.685	-0.00195
13.69	-0.00187
13.695	-0.00116
13.7	-0.000528
13.705	-0.000735
13.71	-0.0013
13.715	-0.00172
13.72	-0.00226
13.725	-0.00261
13.73	-0.00257
13.735	-0.0025
13.74	-0.00247
13.745	-0.00251
13.75	-0.00275
13.755	-0.00329
13.76	-0.00402
13.765	-0.00469
13.77	-0.00515
13.775	-0.00529
13.78	-0.00505
13.785	-0.00452
13.79	-0.00384
13.795	-0.00324
13.8	-0.00284
13.805	-0.0026
13.81	-0.00235
13.815	-0.00189
13.82	-0.00143
13.825	-0.00121
13.83	-0.00098
13.835	-0.000433
13.84	0.000305
13.845	0.000945
13.85	0.00138
13.855	0.0016
13.86	0.00184
13.865	0.00231
13.87	0.00282
13.875	0.00312
13.88	0.00335
13.885	0.00367
13.89	0.00382
13.895	0.00369
13.9	0.0038
13.905	0.00428
13.91	0.00451
13.915	0.00453
13.92	0.00457
13.925	0.00459
13.93	0.00445
13.935	0.00407
13.94	0.00353
13.945	0.00322
13.95	0.00326
13.955	0.00318
13.96	0.00282
13.965	0.00223
13.97	0.0017
13.975	0.00134
13.98	0.000835
13.985	0.000497
13.99	0.000429
13.995	0.000163
14	-0.000351
14.005	-0.000825
14.01	-0.000971
14.015	-0.000931
14.02	-0.00102
14.025	-0.00137
14.03	-0.00196
14.035	-0.00247
14.04	-0.00286
14.045	-0.00341
14.05	-0.00378
14.055	-0.00377
14.06	-0.00375
14.065	-0.00379
14.07	-0.00386
14.075	-0.00393
14.08	-0.00392
14.085	-0.00371
14.09	-0.00324
14.095	-0.00269
14.1	-0.00244
14.105	-0.00248
14.11	-0.00254
14.115	-0.00258
14.12	-0.00254
14.125	-0.00229
14.13	-0.00173
14.135	-0.000981
14.14	-0.000323
14.145	0.000102
14.15	0.000226
14.155	0.000197
14.16	0.000284
14.165	0.000579
14.17	0.00106
14.175	0.00149
14.18	0.00168
14.185	0.00188
14.19	0.0024
14.195	0.00315
14.2	0.00384
14.205	0.00434
14.21	0.00457
14.215	0.00459
14.22	0.0045
14.225	0.00422
14.23	0.00379
14.235	0.00357
14.24	0.0039
14.245	0.00455
14.25	0.00475
14.255	0.00429
14.26	0.00335
14.265	0.00228
14.27	0.00178
14.275	0.0018
14.28	0.00187
14.285	0.00205
14.29	0.00245
14.295	0.00293
14.3	0.00314
14.305	0.00313
14.31	0.00317
14.315	0.00323
14.32	0.0032
14.325	0.00297
14.33	0.00248
14.335	0.00194
14.34	0.00161
14.345	0.00107
14.35	0.000581
14.355	0.000578
14.36	0.000608
14.365	0.000576
14.37	0.000512
14.375	0.000433
14.38	0.000418
14.385	0.000575
14.39	0.000998
14.395	0.00158
14.4	0.00188
14.405	0.00186
14.41	0.00187
14.415	0.00193
14.42	0.00196
14.425	0.00183
14.43	0.00146
14.435	0.000935
14.44	0.00064
14.445	0.000503
14.45	0.0000955
14.455	-0.000515
14.46	-0.000849
14.465	-0.000837
14.47	-0.000787
14.475	-0.000755
14.48	-0.000774
14.485	-0.000948
14.49	-0.00135
14.495	-0.0019
14.5	-0.00219
14.505	-0.00227
14.51	-0.00256
14.515	-0.00308
14.52	-0.00348
14.525	-0.00378
14.53	-0.00428
14.535	-0.00488
14.54	-0.00501
14.545	-0.00497
14.55	-0.00498
14.555	-0.00504
14.56	-0.00513
14.565	-0.00517
14.57	-0.00504
14.575	-0.00463
14.58	-0.00403
14.585	-0.00368
14.59	-0.0038
14.595	-0.00416
14.6	-0.00455
14.605	-0.00458
14.61	-0.00429
14.615	-0.0043
14.62	-0.00451
14.625	-0.00417
14.63	-0.00376
14.635	-0.00355
14.64	-0.00325
14.645	-0.00292
14.65	-0.00291
14.655	-0.00312
14.66	-0.00284
14.665	-0.00242
14.67	-0.00223
14.675	-0.00193
14.68	-0.00142
14.685	-0.00102
14.69	-0.000952
14.695	-0.00099
14.7	-0.000889
14.705	-0.000545
14.71	-0.00000311
14.715	0.000419
14.72	0.000517
14.725	0.000485
14.73	0.000499
14.735	0.00057
14.74	0.000654
14.745	0.00066
14.75	0.000459
14.755	-0.000012
14.76	-0.000561
14.765	-0.000648
14.77	-0.000273
14.775	0.000171
14.78	0.000255
14.785	-0.000181
14.79	-0.000638
14.795	-0.000753
14.8	-0.000708
14.805	-0.000682
14.81	-0.000685
14.815	-0.000703
14.82	-0.00072
14.825	-0.000728
14.83	-0.000723
14.835	-0.00071
14.84	-0.000702
14.845	-0.000713
14.85	-0.000748
14.855	-0.000788
14.86	-0.000773
14.865	-0.000624
14.87	-0.000307
14.875	0.0000327
14.88	-0.00000189
14.885	-0.000478
14.89	-0.000746
14.895	-0.000719
14.9	-0.000694
14.905	-0.000696
14.91	-0.000696
14.915	-0.000669
14.92	-0.000624
14.925	-0.000629
14.93	-0.000804
14.935	-0.00124
14.94	-0.00182
14.945	-0.00207
14.95	-0.00208
14.955	-0.00211
14.96	-0.00213
14.965	-0.00202
14.97	-0.00169
14.975	-0.00127
14.98	-0.00117
14.985	-0.00158
14.99	-0.00201
14.995	-0.00213
15	-0.00209
15.005	-0.00207
15.01	-0.00205
15.015	-0.00202
15.02	-0.00201
15.025	-0.0021
15.03	-0.0024
15.035	-0.00292
15.04	-0.00336
15.045	-0.00352
15.05	-0.00352
15.055	-0.00343
15.06	-0.00313
15.065	-0.00263
15.07	-0.00223
15.075	-0.00213
15.08	-0.00216
15.085	-0.00215
15.09	-0.00212
15.095	-0.00209
15.1	-0.00206
15.105	-0.00206
15.11	-0.00209
15.115	-0.00215
15.12	-0.00217
15.125	-0.00206
15.13	-0.00173
15.135	-0.00121
15.14	-0.000849
15.145	-0.000829
15.15	-0.000881
15.155	-0.000676
15.16	-0.0000565
15.165	0.000851
15.17	0.00141
15.175	0.00135
15.18	0.00137
15.185	0.00131
15.19	0.000855
15.195	0.000716
15.2	0.00109
15.205	0.00165
15.21	0.00204
15.215	0.00208
15.22	0.00198
15.225	0.002
15.23	0.00231
15.235	0.00297
15.24	0.00376
15.245	0.00442
15.25	0.00478
15.255	0.00469
15.26	0.00435
15.265	0.0041
15.27	0.00435
15.275	0.00479
15.28	0.00504
15.285	0.00533
15.29	0.0058
15.295	0.0062
15.3	0.00633
15.305	0.00635
15.31	0.00637
15.315	0.00643
15.32	0.00652
15.325	0.00656
15.33	0.00642
15.335	0.00601
15.34	0.00541
15.345	0.00506
15.35	0.0052
15.355	0.00561
15.36	0.00602
15.365	0.00598
15.37	0.00545
15.375	0.00508
15.38	0.00509
15.385	0.00515
15.39	0.00505
15.395	0.00471
15.4	0.00419
15.405	0.00382
15.41	0.00364
15.415	0.00328
15.42	0.00274
15.425	0.00241
15.43	0.00241
15.435	0.0024
15.44	0.00216
15.445	0.00161
15.45	0.00099
15.455	0.000859
15.46	0.000937
15.465	0.000995
15.47	0.000995
15.475	0.000834
15.48	0.000436
15.485	-0.000121
15.49	-0.000447
15.495	-0.000432
15.5	-0.000386
15.505	-0.000517
15.51	-0.000907
15.515	-0.00148
15.52	-0.00186
15.525	-0.00191
15.53	-0.0019
15.535	-0.0019
15.54	-0.00189
15.545	-0.00185
15.55	-0.00184
15.555	-0.00197
15.56	-0.00234
15.565	-0.0029
15.57	-0.00327
15.575	-0.00331
15.58	-0.00326
15.585	-0.00322
15.59	-0.00322
15.595	-0.00335
15.6	-0.0037
15.605	-0.00421
15.61	-0.00457
15.615	-0.00464
15.62	-0.00465
15.625	-0.00456
15.63	-0.00427
15.635	-0.00375
15.64	-0.00326
15.645	-0.00284
15.65	-0.00232
15.655	-0.00199
15.66	-0.00198
15.665	-0.00199
15.67	-0.00181
15.675	-0.00137
15.68	-0.000769
15.685	-0.000464
15.69	-0.000545
15.695	-0.000587
15.7	-0.000414
15.705	0.0000468
15.71	0.000679
15.715	0.00101
15.72	0.000961
15.725	0.000847
15.73	0.000752
15.735	0.000798
15.74	0.0012
15.745	0.00206
15.75	0.00308
15.755	0.00326
15.76	0.00262
15.765	0.00227
15.77	0.00233
15.775	0.0024
15.78	0.00243
15.785	0.00242
15.79	0.00239
15.795	0.00238
15.8	0.0024
15.805	0.00245
15.81	0.00247
15.815	0.00239
15.82	0.00212
15.825	0.00173
15.83	0.00154
15.835	0.00205
15.84	0.00247
15.845	0.00237
15.85	0.00193
15.855	0.00134
15.86	0.00102
15.865	0.00101
15.87	0.0011
15.875	0.00115
15.88	0.00111
15.885	0.00086
15.89	0.000343
15.895	-0.000248
15.9	-0.000387
15.905	-0.000377
15.91	-0.000415
15.915	-0.000413
15.92	-0.000272
15.925	0.0000688
15.93	0.000452
15.935	0.000457
15.94	0.0000918
15.945	0.000025
15.95	0.000348
15.955	0.000425
15.96	0.000237
15.965	0.0004
15.97	0.000279
15.975	-0.000265
15.98	-0.000416
15.985	-0.00037
15.99	-0.000346
15.995	-0.000343
16	-0.000373
16.005	-0.000427
16.01	-0.000482
16.015	-0.000464
16.02	-0.000288
16.025	0.000082
16.03	0.000458
16.035	0.000367
16.04	-0.000206
16.045	-0.00059
16.05	-0.00106
16.055	-0.00164
16.06	-0.00175
16.065	-0.00168
16.07	-0.00164
16.075	-0.00168
16.08	-0.0019
16.085	-0.00237
16.09	-0.00295
16.095	-0.00321
16.1	-0.00352
16.105	-0.00394
16.11	-0.00397
16.115	-0.00352
16.12	-0.00316
16.125	-0.00303
16.13	-0.0028
16.135	-0.00243
16.14	-0.00219
16.145	-0.00201
16.15	-0.0015
16.155	-0.00177
16.16	-0.00289
16.165	-0.00322
16.17	-0.00309
16.175	-0.00286
16.18	-0.00251
16.185	-0.00224
16.19	-0.00248
16.195	-0.00309
16.2	-0.00316
16.205	-0.00274
16.21	-0.00204
16.215	-0.00134
16.22	-0.000827
16.225	-0.00053
16.23	-0.000352
16.235	0.0000607
16.24	0.000696
16.245	0.00108
16.25	0.000971
16.255	0.000569
16.26	0.000148
16.265	0.000175
16.27	0.000705
16.275	0.00111
16.28	0.00116
16.285	0.00112
16.29	0.00109
16.295	0.00105
16.3	0.00102
16.305	0.00105
16.31	0.00123
16.315	0.00162
16.32	0.00206
16.325	0.00208
16.33	0.00159
16.335	0.0012
16.34	0.00111
16.345	0.00116
16.35	0.00116
16.355	0.00114
16.36	0.00112
16.365	0.00114
16.37	0.00119
16.375	0.00123
16.38	0.00114
16.385	0.000796
16.39	0.000227
16.395	-0.000217
16.4	-0.000233
16.405	0.000108
16.41	0.000628
16.415	0.00102
16.42	0.00111
16.425	0.00107
16.43	0.00106
16.435	0.00109
16.44	0.00112
16.445	0.00114
16.45	0.00114
16.455	0.00113
16.46	0.00112
16.465	0.00111
16.47	0.00114
16.475	0.00118
16.48	0.00121
16.485	0.00116
16.49	0.000949
16.495	0.00059
16.5	0.000324
16.505	0.000599
16.51	0.00104
16.515	0.00115
16.52	0.0011
16.525	0.00109
16.53	0.00113
16.535	0.0012
16.54	0.00121
16.545	0.00104
16.55	0.000589
16.555	0.00000307
16.56	-0.00024
16.565	-0.000209
16.57	-0.000198
16.575	-0.000228
16.58	-0.000268
16.585	-0.000284
16.59	-0.000246
16.595	-0.000159
16.6	-0.0000961
16.605	-0.000207
16.61	-0.000602
16.615	-0.00118
16.62	-0.00154
16.625	-0.00152
16.63	-0.00149
16.635	-0.00151
16.64	-0.00154
16.645	-0.00158
16.65	-0.00158
16.655	-0.00155
16.66	-0.0015
16.665	-0.00148
16.67	-0.00158
16.675	-0.00189
16.68	-0.00232
16.685	-0.00252
16.69	-0.00221
16.695	-0.00171
16.7	-0.00153
16.705	-0.00157
16.71	-0.00161
16.715	-0.00162
16.72	-0.0016
16.725	-0.00157
16.73	-0.00151
16.735	-0.00147
16.74	-0.00153
16.745	-0.0018
16.75	-0.00228
16.755	-0.00275
16.76	-0.00291
16.765	-0.0029
16.77	-0.00294
16.775	-0.003
16.78	-0.003
16.785	-0.00281
16.79	-0.00236
16.795	-0.00183
16.8	-0.00159
16.805	-0.00161
16.81	-0.00162
16.815	-0.00161
16.82	-0.00158
16.825	-0.00156
16.83	-0.00155
16.835	-0.00155
16.84	-0.00156
16.845	-0.00156
16.85	-0.00156
16.855	-0.00155
16.86	-0.00154
16.865	-0.00155
16.87	-0.00159
16.875	-0.00164
16.88	-0.00162
16.885	-0.00141
16.89	-0.000949
16.895	-0.000421
16.9	-0.000183
16.905	-0.000207
16.91	-0.000221
16.915	-0.000203
16.92	-0.000178
16.925	-0.000158
16.93	-0.00015
16.935	-0.000152
16.94	-0.000159
16.945	-0.000163
16.95	-0.000157
16.955	-0.000142
16.96	-0.000127
16.965	-0.000136
16.97	-0.000185
16.975	-0.000257
16.98	-0.000272
16.985	-0.0000918
16.99	0.00039
16.995	0.00103
17	0.0013
17.005	0.000995
17.01	0.000399
17.015	-0.000184
17.02	-0.00017
17.025	-0.0000842
17.03	-0.0000775
17.035	-0.0000869
17.04	-0.00013
17.045	-0.000182
17.05	-0.000238
17.055	-0.000229
17.06	-0.0000718
17.065	0.000322
17.07	0.000846
17.075	0.00113
17.08	0.00125
17.085	0.00164
17.09	0.00226
17.095	0.00266
17.1	0.00273
17.105	0.00271
17.11	0.00245
17.115	0.00187
17.12	0.00128
17.125	0.00141
17.13	0.00186
17.135	0.00241
17.14	0.00271
17.145	0.00272
17.15	0.00268
17.155	0.00269
17.16	0.00272
17.165	0.00274
17.17	0.00274
17.175	0.00274
17.18	0.00274
17.185	0.00276
17.19	0.00282
17.195	0.00283
17.2	0.00271
17.205	0.00234
17.21	0.00179
17.215	0.00143
17.22	0.00138
17.225	0.00139
17.23	0.00138
17.235	0.00139
17.24	0.00142
17.245	0.00143
17.25	0.00134
17.255	0.00102
17.26	0.000503
17.265	0.0000776
17.27	-0.0000378
17.275	-0.00000753
17.28	0.0000281
17.285	0.0000595
17.29	0.0000435
17.295	-0.000118
17.3	-0.000512
17.305	-0.00106
17.31	-0.00136
17.315	-0.00132
17.32	-0.00143
17.325	-0.00184
17.33	-0.00245
17.335	-0.00283
17.34	-0.00281
17.345	-0.00278
17.35	-0.0028
17.355	-0.00286
17.36	-0.00292
17.365	-0.0029
17.37	-0.00271
17.375	-0.00229
17.38	-0.00179
17.385	-0.00152
17.39	-0.00135
17.395	-0.000949
17.4	-0.000454
17.405	-0.00017
17.41	0.000038
17.415	0.000494
17.42	0.00105
17.425	0.00132
17.43	0.0013
17.435	0.00125
17.44	0.00123
17.445	0.00125
17.45	0.00143
17.455	0.00184
17.46	0.00236
17.465	0.00261
17.47	0.00268
17.475	0.00307
17.48	0.00384
17.485	0.00459
17.49	0.00517
17.495	0.00546
17.5	0.00544
17.505	0.00543
17.51	0.00548
17.515	0.00556
17.52	0.00564
17.525	0.00563
17.53	0.0054
17.535	0.00488
17.54	0.00429
17.545	0.00416
17.55	0.0042
17.555	0.00421
17.56	0.0042
17.565	0.00417
17.57	0.00415
17.575	0.00411
17.58	0.00409
17.585	0.00411
17.59	0.00419
17.595	0.00432
17.6	0.0044
17.605	0.00422
17.61	0.00362
17.615	0.00269
17.62	0.00202
17.625	0.00213
17.63	0.00254
17.635	0.00296
17.64	0.00302
17.645	0.00295
17.65	0.0029
17.655	0.00289
17.66	0.0029
17.665	0.0029
17.67	0.0029
17.675	0.00288
17.68	0.00286
17.685	0.00284
17.69	0.00282
17.695	0.0028
17.7	0.0028
17.705	0.00279
17.71	0.00277
17.715	0.00272
17.72	0.00265
17.725	0.0026
17.73	0.00264
17.735	0.00288
17.74	0.00328
17.745	0.00357
17.75	0.00333
17.755	0.00276
17.76	0.00248
17.765	0.00249
17.77	0.00249
17.775	0.00246
17.78	0.00244
17.785	0.00245
17.79	0.00246
17.795	0.00238
17.8	0.00208
17.805	0.0015
17.81	0.000915
17.815	0.00092
17.82	0.00096
17.825	0.000814
17.83	0.000461
17.835	-0.0000698
17.84	-0.000472
17.845	-0.000765
17.85	-0.00126
17.855	-0.00187
17.86	-0.00202
17.865	-0.00199
17.87	-0.00196
17.875	-0.00197
17.88	-0.00209
17.885	-0.00242
17.89	-0.00294
17.895	-0.00335
17.9	-0.00345
17.905	-0.00341
17.91	-0.00337
17.915	-0.00336
17.92	-0.00347
17.925	-0.00376
17.93	-0.00422
17.935	-0.00458
17.94	-0.00468
17.945	-0.00463
17.95	-0.00465
17.955	-0.0047
17.96	-0.00465
17.965	-0.00441
17.97	-0.00395
17.975	-0.0035
17.98	-0.00333
17.985	-0.00335
17.99	-0.00335
17.995	-0.00332
18	-0.00329
18.005	-0.00327
18.01	-0.00325
18.015	-0.00324
18.02	-0.00324
18.025	-0.00323
18.03	-0.00321
18.035	-0.00319
18.04	-0.00317
18.045	-0.00317
18.05	-0.00319
18.055	-0.00322
18.06	-0.00321
18.065	-0.00306
18.07	-0.00268
18.075	-0.00217
18.08	-0.00191
18.085	-0.00191
18.09	-0.00187
18.095	-0.0018
18.1	-0.0018
18.105	-0.002
18.11	-0.00249
18.115	-0.00302
18.12	-0.00304
18.125	-0.00295
18.13	-0.00278
18.135	-0.00248
18.14	-0.00221
18.145	-0.00234
18.15	-0.00281
18.155	-0.00295
18.16	-0.0029
18.165	-0.00275
18.17	-0.00243
18.175	-0.00198
18.18	-0.0017
18.185	-0.00165
18.19	-0.00163
18.195	-0.00156
18.2	-0.00151
18.205	-0.00162
18.21	-0.00197
18.215	-0.00245
18.22	-0.00266
18.225	-0.0026
18.23	-0.00242
18.235	-0.00212
18.24	-0.00183
18.245	-0.00192
18.25	-0.00254
18.255	-0.00314
18.26	-0.00341
18.265	-0.00335
18.27	-0.00305
18.275	-0.00263
18.28	-0.00231
18.285	-0.00223
18.29	-0.00223
18.295	-0.0022
18.3	-0.00215
18.305	-0.00209
18.31	-0.00205
18.315	-0.00201
18.32	-0.00199
18.325	-0.00196
18.33	-0.00193
18.335	-0.00189
18.34	-0.00184
18.345	-0.0018
18.35	-0.00178
18.355	-0.00178
18.36	-0.0018
18.365	-0.00175
18.37	-0.00154
18.375	-0.0011
18.38	-0.000561
18.385	-0.00019
18.39	-0.000149
18.395	-0.000432
18.4	-0.000682
18.405	-0.000641
18.41	-0.000502
18.415	-0.000292
18.42	-0.0000569
18.425	-0.0000121
18.43	-0.000272
18.435	-0.000502
18.44	-0.000464
18.445	-0.000388
18.45	-0.000334
18.455	-0.000306
18.46	-0.000307
18.465	-0.000322
18.47	-0.000337
18.475	-0.000306
18.48	-0.000165
18.485	0.000122
18.49	0.000453
18.495	0.000618
18.5	0.000617
18.505	0.000572
18.51	0.000454
18.515	0.000262
18.52	0.000123
18.525	0.000204
18.53	0.000328
18.535	0.000164
18.54	-0.0000828
18.545	-0.0000538
18.55	-0.0000226
18.555	-0.000122
18.56	-0.000364
18.565	-0.000651
18.57	-0.000751
18.575	-0.000629
18.58	-0.000377
18.585	-0.0000673
18.59	0.0000983
18.595	0.000109
18.6	0.000136
18.605	0.000169
18.61	0.000152
18.615	0.0000443
18.62	-0.000125
18.625	-0.000182
18.63	0.000112
18.635	0.000298
18.64	0.000296
18.645	0.000296
18.65	0.000312
18.655	0.000339
18.66	0.000359
18.665	0.000365
18.67	0.000358
18.675	0.000372
18.68	0.000455
18.685	0.000645
18.69	0.000894
18.695	0.00102
18.7	0.00101
18.705	0.000998
18.71	0.001
18.715	0.00101
18.72	0.00102
18.725	0.00102
18.73	0.00102
18.735	0.00101
18.74	0.001
18.745	0.000998
18.75	0.001
18.755	0.00102
18.76	0.00103
18.765	0.00101
18.77	0.000932
18.775	0.000799
18.78	0.000695
18.785	0.00078
18.79	0.000962
18.795	0.0011
18.8	0.00118
18.805	0.00118
18.81	0.00105
18.815	0.000938
18.82	0.000941
18.825	0.000953
18.83	0.000951
18.835	0.000944
18.84	0.000933
18.845	0.000924
18.85	0.000918
18.855	0.000913
18.86	0.000908
18.865	0.000903
18.87	0.000898
18.875	0.000892
18.88	0.000886
18.885	0.00088
18.89	0.000874
18.895	0.000868
18.9	0.000862
18.905	0.000855
18.91	0.000848
18.915	0.000841
18.92	0.000836
18.925	0.000834
18.93	0.000834
18.935	0.000831
18.94	0.000824
18.945	0.000815
18.95	0.000807
18.955	0.0008
18.96	0.000793
18.965	0.000786
18.97	0.000778
18.975	0.000767
18.98	0.000752
18.985	0.00074
18.99	0.000742
18.995	0.000769
19	0.000819
19.005	0.000856
19.01	0.000856
19.015	0.000836
19.02	0.000817
19.025	0.000799
19.03	0.00078
19.035	0.000763
19.04	0.000753
19.045	0.000753
19.05	0.000763
19.055	0.000761
19.06	0.000728
19.065	0.000704
19.07	0.000725
19.075	0.000726
19.08	0.000701
19.085	0.000673
19.09	0.000645
19.095	0.000623
19.1	0.000613
19.105	0.000619
19.11	0.000632
19.115	0.000622
19.12	0.000583
19.125	0.000535
19.13	0.000491
19.135	0.000472
19.14	0.000477
19.145	0.000474
19.15	0.000454
19.155	0.000428
19.16	0.000396
19.165	0.000357
19.17	0.000318
19.175	0.000298
19.18	0.000283
19.185	0.000266
19.19	0.00025
19.195	0.000239
19.2	0.000232
19.205	0.000226
19.21	0.000211
19.215	0.000187
19.22	0.000165
19.225	0.000153
19.23	0.000142
19.235	0.00013
19.24	0.000118
19.245	0.000107
19.25	0.0000965
19.255	0.0000866
19.26	0.0000759
19.265	0.0000629
19.27	0.0000473
19.275	0.0000322
19.28	0.000024
19.285	0.0000179
19.29	0.0000113
19.295	0.00000398
19.3	-0.00000444
19.305	-0.0000135
19.31	-0.0000214
19.315	-0.000025
19.32	-0.0000274
19.325	-0.000032
19.33	-0.0000377
19.335	-0.0000436
19.34	-0.0000499
19.345	-0.0000568
19.35	-0.0000634
19.355	-0.0000685
19.36	-0.0000726
19.365	-0.0000767
19.37	-0.0000809
19.375	-0.000085
19.38	-0.000089
19.385	-0.0000929
19.39	-0.0000968
19.395	-0.000101
19.4	-0.000105
19.405	-0.000109
19.41	-0.000113
19.415	-0.000116
19.42	-0.000119
19.425	-0.000123
19.43	-0.000126
19.435	-0.00013
19.44	-0.000133
19.445	-0.000137
19.45	-0.00014
19.455	-0.000143
19.46	-0.000147
19.465	-0.00015
19.47	-0.000153
19.475	-0.000156
19.48	-0.000159
19.485	-0.000162
19.49	-0.000165
19.495	-0.000168
19.5	-0.000171
19.505	-0.000173
19.51	-0.000176
19.515	-0.000179
19.52	-0.000182
19.525	-0.000184
19.53	-0.000187
19.535	-0.000189
19.54	-0.000192
19.545	-0.000194
19.55	-0.000197
19.555	-0.000199
19.56	-0.000201
19.565	-0.000203
19.57	-0.000206
19.575	-0.000208
