0	-0.000431033
0.01	-0.000430279
0.02	-0.00042921
0.03	-0.000427856
0.04	-0.000426301
0.05	-0.000424746
0.06	-0.000423425
0.07	-0.000422086
0.08	-0.000420142
0.09	-0.000419015
0.1	-0.000421425
0.11	-0.00042737
0.12	-0.000432845
0.13	-0.00043452
0.14	-0.00043219
0.15	-0.000428852
0.16	-0.00043025
0.17	-0.000435406
0.18	-0.000435936
0.19	-0.000430389
0.2	-0.000426062
0.21	-0.00042662
0.22	-0.000430547
0.23	-0.000430603
0.24	-0.000412588
0.25	-0.00037391
0.26	-0.000340525
0.27	-0.000323796
0.28	-0.000316173
0.29	-0.000318914
0.3	-0.000344276
0.31	-0.000388995
0.32	-0.00043227
0.33	-0.000461152
0.34	-0.00047185
0.35	-0.000467508
0.36	-0.000447539
0.37	-0.000399993
0.38	-0.000311865
0.39	-0.000215602
0.4	-0.000135389
0.41	-8.99374E-05
0.42	-7.30734E-05
0.43	-9.44212E-05
0.44	-0.000176258
0.45	-0.000295386
0.46	-0.000419728
0.47	-0.000541625
0.48	-0.000656486
0.49	-0.00070022
0.5	-0.000639145
0.51	-0.000532856
0.52	-0.000403174
0.53	-0.000260597
0.54	-0.000184954
0.55	-0.000243614
0.56	-0.000406769
0.57	-0.00061245
0.58	-0.000805732
0.59	-0.000895912
0.6	-0.000912405
0.61	-0.000922797
0.62	-0.000933543
0.63	-0.000893399
0.64	-0.000765228
0.65	-0.000591901
0.66	-0.000358267
0.67	-9.94113E-05
0.68	1.04063E-05
0.69	-9.42395E-05
0.7	-0.000329129
0.71	-0.000505207
0.72	-0.000609421
0.73	-0.000654839
0.74	-0.000607222
0.75	-0.000389782
0.76	-2.90622E-05
0.77	0.000327401
0.78	0.000638914
0.79	0.000852095
0.8	0.000936874
0.81	0.000904686
0.82	0.000729401
0.83	0.000441998
0.84	8.50521E-05
0.85	-0.000358338
0.86	-0.000833793
0.87	-0.001273794
0.88	-0.001460019
0.89	-0.001296862
0.9	-0.00086034
0.91	-0.00039611
0.92	8.50136E-06
0.93	0.000308302
0.94	0.00049469
0.95	0.000614395
0.96	0.000772849
0.97	0.00088717
0.98	0.000726049
0.99	0.000532945
1	0.000492556
1.01	0.000502915
1.02	0.000611496
1.03	0.000860868
1.04	0.001293088
1.05	0.001755437
1.06	0.002081092
1.07	0.002115312
1.08	0.001748176
1.09	0.001023445
1.1	6.40433E-05
1.11	-0.001178188
1.12	-0.002569577
1.13	-0.003851942
1.14	-0.004745835
1.15	-0.004924428
1.16	-0.004409334
1.17	-0.003407683
1.18	-0.002038628
1.19	-0.000657588
1.2	0.000398921
1.21	0.001063195
1.22	0.001244144
1.23	0.000822414
1.24	-0.000154832
1.25	-0.001204726
1.26	-0.002068814
1.27	-0.002413681
1.28	-0.002101954
1.29	-0.001214633
1.3	-0.000162547
1.31	0.000641986
1.32	0.00059808
1.33	-0.000127071
1.34	-0.000694197
1.35	-0.000870605
1.36	-0.000792563
1.37	-0.000750808
1.38	-0.00076767
1.39	-0.000909337
1.4	-0.000952105
1.41	-0.000780711
1.42	-0.000388078
1.43	0.000471342
1.44	0.001740607
1.45	0.003016129
1.46	0.003748694
1.47	0.003918118
1.48	0.003837366
1.49	0.003618306
1.5	0.003037631
1.51	0.00166475
1.52	-8.53529E-05
1.53	-0.001556728
1.54	-0.002675595
1.55	-0.003107945
1.56	-0.002663656
1.57	-0.001316546
1.58	0.000461422
1.59	0.00232474
1.6	0.00400863
1.61	0.004742589
1.62	0.00413985
1.63	0.002128676
1.64	-0.000570782
1.65	-0.003059169
1.66	-0.004741029
1.67	-0.005350356
1.68	-0.004864134
1.69	-0.003964635
1.7	-0.002896843
1.71	-0.001612511
1.72	-0.000306868
1.73	0.001151164
1.74	0.002771053
1.75	0.004404493
1.76	0.005270864
1.77	0.005226533
1.78	0.004215908
1.79	0.002160814
1.8	-0.000296089
1.81	-0.002236274
1.82	-0.003323806
1.83	-0.003602171
1.84	-0.003564288
1.85	-0.003596886
1.86	-0.003652733
1.87	-0.003318816
1.88	-0.002257613
1.89	-0.000736046
1.9	0.000996857
1.91	0.002900932
1.92	0.004493291
1.93	0.004853979
1.94	0.004025723
1.95	0.002957574
1.96	0.002511808
1.97	0.002490907
1.98	0.002288475
1.99	0.001807245
2	0.001181226
2.01	-0.000240834
2.02	-0.00237211
2.03	-0.004851403
2.04	-0.006885451
2.05	-0.007603186
2.06	-0.006905574
2.07	-0.005061963
2.08	-0.002932587
2.09	-0.001142901
2.1	0.000204473
2.11	0.001493575
2.12	0.002156617
2.13	0.001920199
2.14	0.000911752
2.15	-0.000229237
2.16	-0.000678775
2.17	-0.000605507
2.18	-0.00068116
2.19	-0.001379274
2.2	-0.002620198
2.21	-0.003830315
2.22	-0.004172275
2.23	-0.003546228
2.24	-0.002255571
2.25	-0.000371297
2.26	0.001690712
2.27	0.003370021
2.28	0.0047395
2.29	0.005806708
2.3	0.006614373
2.31	0.007315249
2.32	0.007752965
2.33	0.007403424
2.34	0.00674965
2.35	0.005875935
2.36	0.004676295
2.37	0.00353658
2.38	0.003100498
2.39	0.003163849
2.4	0.003031592
2.41	0.002288987
2.42	0.001102917
2.43	-2.5134E-05
2.44	-0.000821526
2.45	-0.001909421
2.46	-0.003323213
2.47	-0.003915037
2.48	-0.003138158
2.49	-0.001800811
2.5	-0.000890688
2.51	-0.001819837
2.52	-0.004627341
2.53	-0.007452599
2.54	-0.008563054
2.55	-0.008482722
2.56	-0.008322247
2.57	-0.008370573
2.58	-0.008071161
2.59	-0.006662872
2.6	-0.004078715
2.61	-0.000885438
2.62	0.001565831
2.63	0.002431684
2.64	0.001587023
2.65	6.70983E-05
2.66	9.40901E-06
2.67	0.001578336
2.68	0.003069791
2.69	0.004067263
2.7	0.005020788
2.71	0.005447735
2.72	0.004902946
2.73	0.003425203
2.74	0.001936781
2.75	0.000917767
2.76	-0.000295461
2.77	-0.00199876
2.78	-0.003974966
2.79	-0.005326531
2.8	-0.005815015
2.81	-0.00555517
2.82	-0.003939417
2.83	-0.000619973
2.84	0.003346613
2.85	0.006505681
2.86	0.008424269
2.87	0.009783631
2.88	0.0100402
2.89	0.009045072
2.9	0.007765457
2.91	0.007220044
2.92	0.007086304
2.93	0.006495103
2.94	0.005017537
2.95	0.002841231
2.96	0.000919974
2.97	6.19053E-05
2.98	0.000915136
2.99	0.002922782
3	0.005128846
3.01	0.005997298
3.02	0.004830602
3.03	0.002194614
3.04	-0.001305348
3.05	-0.004856283
3.06	-0.00760433
3.07	-0.008750604
3.08	-0.00866107
3.09	-0.007398085
3.1	-0.004834656
3.11	-0.002148057
3.12	0.000362528
3.13	0.003416154
3.14	0.006143689
3.15	0.007121861
3.16	0.006098863
3.17	0.004295902
3.18	0.003066834
3.19	0.001897241
3.2	0.000389634
3.21	-0.001013704
3.22	-0.002348622
3.23	-0.002867049
3.24	-0.001455081
3.25	0.002053004
3.26	0.005334646
3.27	0.006051504
3.28	0.003680757
3.29	-0.000362455
3.3	-0.004240337
3.31	-0.006842882
3.32	-0.007700414
3.33	-0.006575805
3.34	-0.004404603
3.35	-0.002226014
3.36	-0.00072474
3.37	-0.000254644
3.38	-0.000392504
3.39	-0.00064618
3.4	-0.000612852
3.41	0.000279269
3.42	0.002013464
3.43	0.003272151
3.44	0.003577296
3.45	0.003577704
3.46	0.003813618
3.47	0.003981649
3.48	0.003261994
3.49	0.002043827
3.5	0.001389351
3.51	0.001370781
3.52	0.001603232
3.53	0.001727169
3.54	0.00121241
3.55	-0.000317395
3.56	-0.00224996
3.57	-0.003673558
3.58	-0.003884424
3.59	-0.002520382
3.6	-0.000431088
3.61	0.001253877
3.62	0.001943534
3.63	0.001769164
3.64	0.000552148
3.65	-0.001449873
3.66	-0.002577675
3.67	-0.002424972
3.68	-0.001304418
3.69	0.000322056
3.7	0.001958374
3.71	0.003292448
3.72	0.003690914
3.73	0.002904118
3.74	0.001384925
3.75	0.000261246
3.76	-0.000511285
3.77	-0.001130982
3.78	-0.001596852
3.79	-0.002080692
3.8	-0.002551596
3.81	-0.003088779
3.82	-0.003606595
3.83	-0.004054531
3.84	-0.00421635
3.85	-0.004275332
3.86	-0.004616221
3.87	-0.004994846
3.88	-0.004359223
3.89	-0.002085804
3.9	0.001543296
3.91	0.005328491
3.92	0.008162411
3.93	0.009976235
3.94	0.01118019
3.95	0.01123976
3.96	0.009590665
3.97	0.006350429
3.98	0.00216862
3.99	-0.001385682
4	-0.002645261
4.01	-0.001794849
4.02	0.000874023
4.03	0.005543337
4.04	0.01126638
4.05	0.01551295
4.06	0.01518248
4.07	0.0108619
4.08	0.006517078
4.09	0.003920263
4.1	0.00307729
4.11	0.003836087
4.12	0.005565497
4.13	0.007747234
4.14	0.008821664
4.15	0.007965413
4.16	0.005091503
4.17	0.000946821
4.18	-0.004197977
4.19	-0.009926394
4.2	-0.01405987
4.21	-0.01537024
4.22	-0.01525735
4.23	-0.0150558
4.24	-0.01469345
4.25	-0.01350478
4.26	-0.01179362
4.27	-0.01069021
4.28	-0.01020939
4.29	-0.01004392
4.3	-0.009765444
4.31	-0.009297565
4.32	-0.009137469
4.33	-0.009232018
4.34	-0.008791354
4.35	-0.006921128
4.36	-0.003875088
4.37	-0.000608164
4.38	0.002429478
4.39	0.004327286
4.4	0.004839648
4.41	0.004724232
4.42	0.004530796
4.43	0.004430689
4.44	0.004802177
4.45	0.006256651
4.46	0.008974992
4.47	0.01260332
4.48	0.01556793
4.49	0.01658541
4.5	0.01650287
4.51	0.01645288
4.52	0.01649873
4.53	0.01561696
4.54	0.01287511
4.55	0.008872081
4.56	0.004110624
4.57	-0.001196179
4.58	-0.00590084
4.59	-0.008919225
4.6	-0.01029348
4.61	-0.01081245
4.62	-0.01100208
4.63	-0.01114211
4.64	-0.01097915
4.65	-0.009745485
4.66	-0.007027742
4.67	-0.003385772
4.68	0.000492403
4.69	0.004685476
4.7	0.009757092
4.71	0.0147842
4.72	0.01712243
4.73	0.0163024
4.74	0.01251458
4.75	0.006358034
4.76	-0.000843759
4.77	-0.007463141
4.78	-0.01240882
4.79	-0.01497031
4.8	-0.0155041
4.81	-0.01424654
4.82	-0.01070035
4.83	-0.005737963
4.84	-0.000996001
4.85	0.003032945
4.86	0.006024166
4.87	0.007560223
4.88	0.007681574
4.89	0.005904942
4.9	0.003004523
4.91	-0.000162427
4.92	-0.003539764
4.93	-0.006866311
4.94	-0.008974632
4.95	-0.008916253
4.96	-0.006722113
4.97	-0.003591787
4.98	-0.001194084
4.99	0.000214245
5	0.001237411
5.01	0.002274987
5.02	0.003671716
5.03	0.004533796
5.04	0.003672206
5.05	0.000873973
5.06	-0.003077555
5.07	-0.007026945
5.08	-0.01002014
5.09	-0.01160561
5.1	-0.01200326
5.11	-0.01219543
5.12	-0.01276737
5.13	-0.01350868
5.14	-0.01440834
5.15	-0.0164717
5.16	-0.02005412
5.17	-0.02315004
5.18	-0.02538799
5.19	-0.02698394
5.2	-0.02780994
5.21	-0.02726336
5.22	-0.02516721
5.23	-0.02106603
5.24	-0.01579285
5.25	-0.01117834
5.26	-0.007506698
5.27	-0.004692723
5.28	-0.002014201
5.29	0.000661571
5.3	0.002902024
5.31	0.004540325
5.32	0.005925783
5.33	0.007783595
5.34	0.01077371
5.35	0.01466606
5.36	0.01662626
5.37	0.01665468
5.38	0.01676448
5.39	0.01823308
5.4	0.02083499
5.41	0.02335033
5.42	0.02464955
5.43	0.02545512
5.44	0.02631071
5.45	0.02634442
5.46	0.02395392
5.47	0.01826187
5.48	0.01058517
5.49	0.003681611
5.5	-0.000668537
5.51	-0.003238881
5.52	-0.004906939
5.53	-0.005783769
5.54	-0.005870909
5.55	-0.00546426
5.56	-0.004691437
5.57	-0.002967995
5.58	-0.000361406
5.59	0.002245139
5.6	0.003675521
5.61	0.002440734
5.62	-0.001709604
5.63	-0.007223063
5.64	-0.01220511
5.65	-0.01504914
5.66	-0.01553516
5.67	-0.01327307
5.68	-0.007814566
5.69	-0.001049486
5.7	0.005570742
5.71	0.01145201
5.72	0.0157986
5.73	0.01718423
5.74	0.01548377
5.75	0.01197073
5.76	0.00981616
5.77	0.01110714
5.78	0.01448577
5.79	0.01650436
5.8	0.01782046
5.81	0.02077817
5.82	0.02537683
5.83	0.03105365
5.84	0.03698164
5.85	0.04247272
5.86	0.04684466
5.87	0.0493877
5.88	0.05076277
5.89	0.05100139
5.9	0.04976173
5.91	0.04694373
5.92	0.04139292
5.93	0.03299835
5.94	0.02225942
5.95	0.01047601
5.96	-0.000471947
5.97	-0.009280003
5.98	-0.01676286
5.99	-0.02368555
6	-0.02782545
6.01	-0.02863511
6.02	-0.02637766
6.03	-0.02130709
6.04	-0.0144652
6.05	-0.007751602
6.06	-0.002650364
6.07	0.001399297
6.08	0.004956232
6.09	0.007493269
6.1	0.009015247
6.11	0.01153452
6.12	0.01505821
6.13	0.01600208
6.14	0.01341105
6.15	0.009153529
6.16	0.004142542
6.17	-0.001879181
6.18	-0.00847496
6.19	-0.01524603
6.2	-0.02211085
6.21	-0.02843898
6.22	-0.03401341
6.23	-0.03894383
6.24	-0.04301576
6.25	-0.04528084
6.26	-0.04612055
6.27	-0.04599333
6.28	-0.04466959
6.29	-0.04197138
6.3	-0.03848968
6.31	-0.03496891
6.32	-0.03147684
6.33	-0.02812026
6.34	-0.02509365
6.35	-0.02313511
6.36	-0.0226898
6.37	-0.02232009
6.38	-0.02006613
6.39	-0.01643479
6.4	-0.0144483
6.41	-0.01428669
6.42	-0.01460028
6.43	-0.01476916
6.44	-0.01481543
6.45	-0.01479711
6.46	-0.01429401
6.47	-0.01275343
6.48	-0.01024327
6.49	-0.006615639
6.5	-0.001054561
6.51	0.006611931
6.52	0.01526712
6.53	0.02308304
6.54	0.03026824
6.55	0.03693257
6.56	0.04264042
6.57	0.04665209
6.58	0.04817272
6.59	0.04840491
6.6	0.04815567
6.61	0.046245
6.62	0.04191928
6.63	0.03737118
6.64	0.03392285
6.65	0.03108985
6.66	0.02814657
6.67	0.02472839
6.68	0.02077468
6.69	0.01569093
6.7	0.009262093
6.71	0.003029329
6.72	-0.00189075
6.73	-0.005655137
6.74	-0.008938503
6.75	-0.01209681
6.76	-0.01685275
6.77	-0.02410216
6.78	-0.03064534
6.79	-0.03493731
6.8	-0.0380073
6.81	-0.04033801
6.82	-0.04147671
6.83	-0.04041292
6.84	-0.03679617
6.85	-0.03061587
6.86	-0.0223976
6.87	-0.01260108
6.88	-0.001909685
6.89	0.008410452
6.9	0.01719486
6.91	0.02391573
6.92	0.02826282
6.93	0.03128023
6.94	0.03468227
6.95	0.03903852
6.96	0.04343356
6.97	0.04680498
6.98	0.04688736
6.99	0.04390172
7	0.03959824
7.01	0.03252918
7.02	0.02156075
7.03	0.008507511
7.04	-0.003508255
7.05	-0.01195136
7.06	-0.01782199
7.07	-0.02409496
7.08	-0.02880994
7.09	-0.03032992
7.1	-0.02967222
7.11	-0.02845827
7.12	-0.02708705
7.13	-0.02466626
7.14	-0.02016614
7.15	-0.01310748
7.16	-0.004584832
7.17	0.003373788
7.18	0.007865427
7.19	0.006753461
7.2	0.001516902
7.21	-0.004816811
7.22	-0.01060989
7.23	-0.01590432
7.24	-0.02067397
7.25	-0.02374602
7.26	-0.02544678
7.27	-0.02496195
7.28	-0.02145612
7.29	-0.01672102
7.3	-0.0134351
7.31	-0.01075248
7.32	-0.00752887
7.33	-0.002836242
7.34	0.004713179
7.35	0.01400827
7.36	0.02145864
7.37	0.02700717
7.38	0.03078518
7.39	0.03177995
7.4	0.03044479
7.41	0.02874651
7.42	0.0280773
7.43	0.02814626
7.44	0.02832261
7.45	0.02837585
7.46	0.02834161
7.47	0.02825746
7.48	0.02817289
7.49	0.02825531
7.5	0.02870345
7.51	0.02909661
7.52	0.02815089
7.53	0.025304
7.54	0.02149375
7.55	0.01840741
7.56	0.01709027
7.57	0.01692072
7.58	0.01511585
7.59	0.00958305
7.6	0.00207757
7.61	-0.005134178
7.62	-0.01064567
7.63	-0.01373054
7.64	-0.01476432
7.65	-0.01468408
7.66	-0.01441703
7.67	-0.01463848
7.68	-0.01581274
7.69	-0.01694184
7.7	-0.0157295
7.71	-0.01226318
7.72	-0.007045488
7.73	-0.001294029
7.74	0.003858011
7.75	0.007742786
7.76	0.009531199
7.77	0.01063816
7.78	0.01287516
7.79	0.01543216
7.8	0.01674249
7.81	0.01719911
7.82	0.01711064
7.83	0.01489306
7.84	0.009282219
7.85	0.00272852
7.86	-0.002426149
7.87	-0.006330613
7.88	-0.009629978
7.89	-0.01259006
7.9	-0.01632225
7.91	-0.02228805
7.92	-0.02849266
7.93	-0.03251938
7.94	-0.03457872
7.95	-0.03574544
7.96	-0.03672917
7.97	-0.03783312
7.98	-0.03817093
7.99	-0.03698218
8	-0.03426035
8.01	-0.03064521
8.02	-0.02658715
8.03	-0.02158465
8.04	-0.01547914
8.05	-0.009685179
8.06	-0.004883398
8.07	-0.001212401
8.08	0.001309308
8.09	0.002718504
8.1	0.002561454
8.11	0.000997976
8.12	-0.000807279
8.13	-0.001898356
8.14	-0.002286836
8.15	-0.002233384
8.16	-0.001061086
8.17	0.002510874
8.18	0.00870682
8.19	0.01554285
8.2	0.02110844
8.21	0.02541603
8.22	0.0280706
8.23	0.02805343
8.24	0.02477784
8.25	0.0181991
8.26	0.008492776
8.27	-0.002999564
8.28	-0.01402607
8.29	-0.02324851
8.3	-0.03103041
8.31	-0.03740889
8.32	-0.04228742
8.33	-0.04524817
8.34	-0.04619608
8.35	-0.04636997
8.36	-0.04616155
8.37	-0.0439366
8.38	-0.03770318
8.39	-0.02755721
8.4	-0.01696959
8.41	-0.0097299
8.42	-0.004780926
8.43	-0.00028146
8.44	0.0046972
8.45	0.01055827
8.46	0.01711129
8.47	0.02347656
8.48	0.0284241
8.49	0.03245614
8.5	0.03642188
8.51	0.04030148
8.52	0.0438806
8.53	0.04529893
8.54	0.04263839
8.55	0.03784905
8.56	0.03174648
8.57	0.02432542
8.58	0.0165214
8.59	0.009725558
8.6	0.00543836
8.61	0.004696062
8.62	0.008091507
8.63	0.01422563
8.64	0.01998674
8.65	0.02490276
8.66	0.02803409
8.67	0.02892574
8.68	0.02855819
8.69	0.02822967
8.7	0.02816957
8.71	0.0277274
8.72	0.02668609
8.73	0.02579408
8.74	0.02561155
8.75	0.02646461
8.76	0.02747592
8.77	0.02728406
8.78	0.02592968
8.79	0.02343128
8.8	0.01894011
8.81	0.01250466
8.82	0.004130392
8.83	-0.005513032
8.84	-0.0147007
8.85	-0.02270915
8.86	-0.02983405
8.87	-0.03615345
8.88	-0.04119888
8.89	-0.04484589
8.9	-0.04823835
8.91	-0.05285197
8.92	-0.05656904
8.93	-0.05780043
8.94	-0.05712681
8.95	-0.05575107
8.96	-0.05431891
8.97	-0.05230796
8.98	-0.04887863
8.99	-0.04377703
9	-0.03465939
9.01	-0.0229481
9.02	-0.0117921
9.03	-0.002475345
9.04	0.006061708
9.05	0.01358974
9.06	0.01873056
9.07	0.02313949
9.08	0.02643787
9.09	0.02815356
9.1	0.02789118
9.11	0.02526668
9.12	0.02079925
9.13	0.01517763
9.14	0.009291491
9.15	0.005235495
9.16	0.003045639
9.17	0.000614816
9.18	-0.002991225
9.19	-0.007148426
9.2	-0.0107365
9.21	-0.01294245
9.22	-0.01393949
9.23	-0.01422676
9.24	-0.01363007
9.25	-0.01109046
9.26	-0.006073943
9.27	0.000969361
9.28	0.008223583
9.29	0.01324261
9.3	0.01431806
9.31	0.01150852
9.32	0.007973757
9.33	0.00449502
9.34	0.000744875
9.35	-0.003249589
9.36	-0.007122207
9.37	-0.009957998
9.38	-0.01093417
9.39	-0.009910786
9.4	-0.00760915
9.41	-0.004898337
9.42	-0.001977804
9.43	0.000549082
9.44	0.001539487
9.45	0.000649036
9.46	-0.001295469
9.47	-0.002896645
9.48	-0.003461762
9.49	-0.003593832
9.5	-0.004387169
9.51	-0.006344668
9.52	-0.007614214
9.53	-0.006620662
9.54	-0.003045042
9.55	0.001055805
9.56	0.002702197
9.57	0.000893958
9.58	-0.003807227
9.59	-0.009946074
9.6	-0.01589843
9.61	-0.02160967
9.62	-0.02645166
9.63	-0.02979613
9.64	-0.03170213
9.65	-0.03208546
9.66	-0.03096882
9.67	-0.02886214
9.68	-0.02577087
9.69	-0.02135048
9.7	-0.01673276
9.71	-0.01462713
9.72	-0.01460354
9.73	-0.01499748
9.74	-0.01514314
9.75	-0.01505346
9.76	-0.01492637
9.77	-0.01489128
9.78	-0.01507097
9.79	-0.01533527
9.8	-0.01487628
9.81	-0.01240401
9.82	-0.007935774
9.83	-0.00317964
9.84	0.000947129
9.85	0.004134973
9.86	0.006343575
9.87	0.008479083
9.88	0.01150053
9.89	0.01476282
9.9	0.01625805
9.91	0.01681656
9.92	0.01831421
9.93	0.02088911
9.94	0.02344247
9.95	0.02541027
9.96	0.0271761
9.97	0.02821172
9.98	0.02677781
9.99	0.02197686
10	0.01575873
10.01	0.01047127
10.02	0.008294763
10.03	0.01015148
10.04	0.01470594
10.05	0.01915311
10.06	0.02234481
10.07	0.02288706
10.08	0.02024981
10.09	0.01704686
10.1	0.01567911
10.11	0.01587536
10.12	0.01653911
10.13	0.01665987
10.14	0.01471262
10.15	0.01019305
10.16	0.005557768
10.17	0.002404911
10.18	0.000406675
10.19	-0.001424561
10.2	-0.003787013
10.21	-0.006354683
10.22	-0.008177735
10.23	-0.00917704
10.24	-0.008645849
10.25	-0.006569914
10.26	-0.004688337
10.27	-0.004322383
10.28	-0.005306237
10.29	-0.006784557
10.3	-0.008417841
10.31	-0.01074239
10.32	-0.01348141
10.33	-0.01801643
10.34	-0.02653533
10.35	-0.03623063
10.36	-0.04473121
10.37	-0.05213204
10.38	-0.05920146
10.39	-0.06652683
10.4	-0.07322179
10.41	-0.07719736
10.42	-0.0781356
10.43	-0.0777941
10.44	-0.07752303
10.45	-0.07759775
10.46	-0.0777734
10.47	-0.07749697
10.48	-0.07612024
10.49	-0.07317557
10.5	-0.0683002
10.51	-0.06198514
10.52	-0.05439601
10.53	-0.04531753
10.54	-0.03460995
10.55	-0.02293965
10.56	-0.01187175
10.57	-0.002779733
10.58	0.004011659
10.59	0.008016599
10.6	0.009597524
10.61	0.009748381
10.62	0.008964483
10.63	0.007421843
10.64	0.004531457
10.65	0.000806805
10.66	-0.003120411
10.67	-0.007073055
10.68	-0.01028725
10.69	-0.01255646
10.7	-0.01412605
10.71	-0.01503549
10.72	-0.01546408
10.73	-0.01558436
10.74	-0.01463419
10.75	-0.01151226
10.76	-0.006540406
10.77	-0.000677444
10.78	0.005240202
10.79	0.01065537
10.8	0.0148565
10.81	0.01685428
10.82	0.01688373
10.83	0.01374422
10.84	0.006340871
10.85	-0.002415531
10.86	-0.01028847
10.87	-0.01770095
10.88	-0.02569528
10.89	-0.0316706
10.9	-0.03396936
10.91	-0.03309651
10.92	-0.03008795
10.93	-0.02575153
10.94	-0.02068894
10.95	-0.01628862
10.96	-0.01393623
10.97	-0.01299768
10.98	-0.0128557
10.99	-0.01376694
11	-0.01595346
11.01	-0.01988858
11.02	-0.02492842
11.03	-0.03021299
11.04	-0.03490191
11.05	-0.03769312
11.06	-0.03747175
11.07	-0.03423381
11.08	-0.0289659
11.09	-0.02224871
11.1	-0.01415486
11.11	-0.004739142
11.12	0.005435062
11.13	0.01541561
11.14	0.02414678
11.15	0.031279
11.16	0.0364287
11.17	0.0395895
11.18	0.04090673
11.19	0.0404974
11.2	0.03915932
11.21	0.03764609
11.22	0.03638037
11.23	0.03495754
11.24	0.03305183
11.25	0.03101841
11.26	0.02894822
11.27	0.02723556
11.28	0.02600247
11.29	0.02531569
11.3	0.02486373
11.31	0.02457468
11.32	0.02445083
11.33	0.02476275
11.34	0.02603837
11.35	0.02812974
11.36	0.0302511
11.37	0.03267389
11.38	0.03632493
11.39	0.04118518
11.4	0.04564054
11.41	0.04745314
11.42	0.04753213
11.43	0.04777085
11.44	0.04897829
11.45	0.05140283
11.46	0.05444392
11.47	0.05689112
11.48	0.05857953
11.49	0.0602362
11.5	0.06250096
11.51	0.06478281
11.52	0.06607736
11.53	0.06587993
11.54	0.06487145
11.55	0.06351373
11.56	0.0615254
11.57	0.05882252
11.58	0.05584854
11.59	0.05297587
11.6	0.05011444
11.61	0.0465573
11.62	0.04169814
11.63	0.03586843
11.64	0.02952737
11.65	0.02357607
11.66	0.01866084
11.67	0.01416096
11.68	0.008856485
11.69	0.003949329
11.7	0.000336186
11.71	-0.00207337
11.72	-0.003910959
11.73	-0.005567029
11.74	-0.007016411
11.75	-0.008798708
11.76	-0.01165328
11.77	-0.01426347
11.78	-0.01555312
11.79	-0.01737146
11.8	-0.0207418
11.81	-0.02351334
11.82	-0.02536426
11.83	-0.02733899
11.84	-0.03023972
11.85	-0.03391784
11.86	-0.03721156
11.87	-0.03881205
11.88	-0.03784492
11.89	-0.03486667
11.9	-0.03174165
11.91	-0.03014229
11.92	-0.02970372
11.93	-0.02918553
11.94	-0.02806468
11.95	-0.02596338
11.96	-0.02197151
11.97	-0.01730272
11.98	-0.01511898
11.99	-0.01523621
12	-0.01581551
12.01	-0.01518416
12.02	-0.01207967
12.03	-0.006492762
12.04	0.00111051
12.05	0.009428986
12.06	0.01705239
12.07	0.02329334
12.08	0.02748108
12.09	0.02938596
12.1	0.02917397
12.11	0.02735918
12.12	0.02499074
12.13	0.02282128
12.14	0.02096642
12.15	0.02028609
12.16	0.02158608
12.17	0.02557669
12.18	0.03216822
12.19	0.03999249
12.2	0.04716228
12.21	0.05201016
12.22	0.05346998
12.23	0.05233706
12.24	0.05198925
12.25	0.05365136
12.26	0.0549137
12.27	0.05412423
12.28	0.05126088
12.29	0.047946
12.3	0.04467429
12.31	0.04089798
12.32	0.03823614
12.33	0.03646895
12.34	0.03501055
12.35	0.03314427
12.36	0.03046224
12.37	0.02713572
12.38	0.02351045
12.39	0.02009525
12.4	0.01713151
12.41	0.01388252
12.42	0.008145266
12.43	0.000629138
12.44	-0.007237147
12.45	-0.01539435
12.46	-0.02394886
12.47	-0.03295442
12.48	-0.04172351
12.49	-0.049984
12.5	-0.0581536
12.51	-0.0661655
12.52	-0.0731693
12.53	-0.0796593
12.54	-0.08737572
12.55	-0.09543403
12.56	-0.1024103
12.57	-0.1073742
12.58	-0.1095211
12.59	-0.1100425
12.6	-0.1094378
12.61	-0.1052196
12.62	-0.09377298
12.63	-0.07323904
12.64	-0.04471273
12.65	-0.01213277
12.66	0.0194533
12.67	0.04665493
12.68	0.06855214
12.69	0.08580674
12.7	0.09910943
12.71	0.1084654
12.72	0.1137208
12.73	0.1163266
12.74	0.1181714
12.75	0.1203833
12.76	0.1209264
12.77	0.1162776
12.78	0.1032678
12.79	0.08288947
12.8	0.06004421
12.81	0.04000452
12.82	0.02520905
12.83	0.01525861
12.84	0.008796672
12.85	0.005009455
12.86	0.003638552
12.87	0.004718702
12.88	0.008860934
12.89	0.01654558
12.9	0.02716755
12.91	0.03912246
12.92	0.05048427
12.93	0.05960634
12.94	0.06601973
12.95	0.07019942
12.96	0.0734594
12.97	0.07632517
12.98	0.07801656
12.99	0.08016225
13	0.08368412
13.01	0.085266
13.02	0.08050152
13.03	0.06712686
13.04	0.04560885
13.05	0.0202178
13.06	-0.002108846
13.07	-0.01852832
13.08	-0.03102283
13.09	-0.0394599
13.1	-0.04423529
13.11	-0.04630081
13.12	-0.04693054
13.13	-0.04863227
13.14	-0.05218595
13.15	-0.05518835
13.16	-0.05691977
13.17	-0.05767535
13.18	-0.05788369
13.19	-0.05822466
13.2	-0.05939376
13.21	-0.06210756
13.22	-0.06579159
13.23	-0.06969705
13.24	-0.07253947
13.25	-0.07300603
13.26	-0.07086402
13.27	-0.06505106
13.28	-0.05429636
13.29	-0.03989888
13.3	-0.02518093
13.31	-0.01248667
13.32	-0.002666482
13.33	0.005158454
13.34	0.01135069
13.35	0.01513633
13.36	0.01644663
13.37	0.01657954
13.38	0.01668452
13.39	0.01636853
13.4	0.01320946
13.41	0.005212196
13.42	-0.005127529
13.43	-0.01546056
13.44	-0.02460138
13.45	-0.03167101
13.46	-0.03522318
13.47	-0.03550967
13.48	-0.03429969
13.49	-0.03329986
13.5	-0.03360384
13.51	-0.03533519
13.52	-0.03760117
13.53	-0.03997764
13.54	-0.0432753
13.55	-0.04797445
13.56	-0.0544825
13.57	-0.06158019
13.58	-0.06792275
13.59	-0.07284416
13.6	-0.07559254
13.61	-0.07294854
13.62	-0.06009052
13.63	-0.0371636
13.64	-0.0118751
13.65	0.007685442
13.66	0.02044984
13.67	0.0290884
13.68	0.03463452
13.69	0.03621246
13.7	0.03240559
13.71	0.02191864
13.72	0.005634778
13.73	-0.011966
13.74	-0.02726367
13.75	-0.03900709
13.76	-0.04819265
13.77	-0.0560348
13.78	-0.06165126
13.79	-0.06469381
13.8	-0.0657196
13.81	-0.06548583
13.82	-0.06451585
13.83	-0.06316299
13.84	-0.06124165
13.85	-0.0579424
13.86	-0.05328653
13.87	-0.04817674
13.88	-0.04363777
13.89	-0.03885744
13.9	-0.03336486
13.91	-0.02811222
13.92	-0.0239637
13.93	-0.02067842
13.94	-0.0182205
13.95	-0.01967513
13.96	-0.02749871
13.97	-0.03677145
13.98	-0.04368107
13.99	-0.0488068
14	-0.05397395
14.01	-0.05853583
14.02	-0.06199245
14.03	-0.06465257
14.04	-0.06635468
14.05	-0.06680207
14.06	-0.06572122
14.07	-0.06246418
14.08	-0.05639525
14.09	-0.04805366
14.1	-0.03850465
14.11	-0.02764168
14.12	-0.01593784
14.13	-0.004072024
14.14	0.007716591
14.15	0.01923832
14.16	0.03028596
14.17	0.04071341
14.18	0.05035597
14.19	0.05937588
14.2	0.06829248
14.21	0.07653655
14.22	0.0824001
14.23	0.08649493
14.24	0.09015795
14.25	0.09426278
14.26	0.09832598
14.27	0.1015197
14.28	0.1032092
14.29	0.102905
14.3	0.1003836
14.31	0.09569102
14.32	0.09017498
14.33	0.08415714
14.34	0.07494344
14.35	0.05994966
14.36	0.04277394
14.37	0.02735297
14.38	0.01551932
14.39	0.007054981
14.4	0.000914144
14.41	-0.002837326
14.42	-0.004028515
14.43	-0.003378076
14.44	-0.002074048
14.45	-0.0008964
14.46	-0.000457735
14.47	-0.001247572
14.48	-0.0029155
14.49	-0.004847065
14.5	-0.007253306
14.51	-0.01092146
14.52	-0.01594348
14.53	-0.02149909
14.54	-0.02631335
14.55	-0.02979495
14.56	-0.03218543
14.57	-0.03362813
14.58	-0.03426652
14.59	-0.03395609
14.6	-0.03296507
14.61	-0.03210239
14.62	-0.03136801
14.63	-0.03074518
14.64	-0.03018526
14.65	-0.02936997
14.66	-0.02848101
14.67	-0.02793888
14.68	-0.02740881
14.69	-0.02566422
14.7	-0.02200834
14.71	-0.01773056
14.72	-0.01547294
14.73	-0.01352478
14.74	-0.008249871
14.75	0.002124212
14.76	0.01599507
14.77	0.02774693
14.78	0.03062257
14.79	0.0227169
14.8	0.01192145
14.81	0.006969461
14.82	0.006890438
14.83	0.006738553
14.84	0.004373993
14.85	0.001653133
14.86	0.000302505
14.87	-0.000336039
14.88	-0.001085417
14.89	-0.002187266
14.9	-0.003465842
14.91	-0.004849726
14.92	-0.006602324
14.93	-0.007776717
14.94	-0.007304516
14.95	-0.004320667
14.96	0.002652762
14.97	0.014275
14.98	0.02910345
14.99	0.04488551
15	0.05775119
15.01	0.06707692
15.02	0.07369056
15.03	0.07740227
15.04	0.07864356
15.05	0.07849035
15.06	0.07639194
15.07	0.07156644
15.08	0.06554175
15.09	0.05916726
15.1	0.05333095
15.11	0.04874701
15.12	0.04670403
15.13	0.04651046
15.14	0.04657934
15.15	0.04651625
15.16	0.0473837
15.17	0.05047011
15.18	0.05531577
15.19	0.06074958
15.2	0.06585545
15.21	0.06993573
15.22	0.07347314
15.23	0.07671256
15.24	0.07822294
15.25	0.07831745
15.26	0.07802572
15.27	0.07775435
15.28	0.07775334
15.29	0.07839257
15.3	0.0792967
15.31	0.07789219
15.32	0.07057359
15.33	0.0558335
15.34	0.03600429
15.35	0.01496008
15.36	-0.003602347
15.37	-0.01849821
15.38	-0.03235246
15.39	-0.04473533
15.4	-0.05492459
15.41	-0.06341783
15.42	-0.07091092
15.43	-0.07790909
15.44	-0.08397233
15.45	-0.08903786
15.46	-0.09364517
15.47	-0.09837311
15.48	-0.1034559
15.49	-0.1079234
15.5	-0.1117838
15.51	-0.1162094
15.52	-0.1187978
15.53	-0.1172809
15.54	-0.1108
15.55	-0.09801304
15.56	-0.0766981
15.57	-0.0488113
15.58	-0.02116658
15.59	0.001055724
15.6	0.01402081
15.61	0.0155577
15.62	0.008859111
15.63	-0.001223106
15.64	-0.01239532
15.65	-0.02348861
15.66	-0.03281536
15.67	-0.03957036
15.68	-0.04454459
15.69	-0.04947687
15.7	-0.0559778
15.71	-0.06146627
15.72	-0.064199
15.73	-0.06355589
15.74	-0.05812648
15.75	-0.04746761
15.76	-0.03303721
15.77	-0.0173538
15.78	-0.003464579
15.79	0.008607628
15.8	0.01910419
15.81	0.02673982
15.82	0.03147364
15.83	0.03528848
15.84	0.04014046
15.85	0.04664505
15.86	0.0542166
15.87	0.06222171
15.88	0.07031379
15.89	0.07720718
15.9	0.08245741
15.91	0.08776604
15.92	0.09432116
15.93	0.1016658
15.94	0.1075171
15.95	0.1108933
15.96	0.1142052
15.97	0.1179536
15.98	0.1207621
15.99	0.1213127
16	0.1190134
16.01	0.113602
16.02	0.105107
16.03	0.09376521
16.04	0.08079763
16.05	0.06777803
16.06	0.0558404
16.07	0.04403514
16.08	0.03110688
16.09	0.01990478
16.1	0.01120048
16.11	0.003334091
16.12	-0.004350382
16.13	-0.01107867
16.14	-0.0169067
16.15	-0.0225925
16.16	-0.02735191
16.17	-0.03131852
16.18	-0.03524127
16.19	-0.03959796
16.2	-0.04409216
16.21	-0.04854547
16.22	-0.05449986
16.23	-0.06094538
16.24	-0.06607486
16.25	-0.06993487
16.26	-0.07347238
16.27	-0.07643602
16.28	-0.07796314
16.29	-0.07844906
16.3	-0.07804214
16.31	-0.07488524
16.32	-0.06549539
16.33	-0.04701449
16.34	-0.02114327
16.35	0.00604488
16.36	0.02728169
16.37	0.04101399
16.38	0.04993151
16.39	0.05628685
16.4	0.06149498
16.41	0.0666416
16.42	0.07209232
16.43	0.07670954
16.44	0.07904211
16.45	0.08027675
16.46	0.08144055
16.47	0.08298369
16.48	0.08542303
16.49	0.08792098
16.5	0.09025271
16.51	0.09273849
16.52	0.09546684
16.53	0.09869792
16.54	0.1029997
16.55	0.1075679
16.56	0.1102294
16.57	0.1117436
16.58	0.1132437
16.59	0.1148986
16.6	0.1167378
16.61	0.1182334
16.62	0.1168711
16.63	0.1055637
16.64	0.07787239
16.65	0.04037778
16.66	0.006344584
16.67	-0.01735684
16.68	-0.03365471
16.69	-0.04649632
16.7	-0.05721319
16.71	-0.066005
16.72	-0.07307686
16.73	-0.07921648
16.74	-0.08425756
16.75	-0.08671025
16.76	-0.08710251
16.77	-0.08637162
16.78	-0.08575682
16.79	-0.08555799
16.8	-0.08557649
16.81	-0.0863186
16.82	-0.08843307
16.83	-0.09163593
16.84	-0.09548539
16.85	-0.09961384
16.86	-0.1035744
16.87	-0.1067377
16.88	-0.108765
16.89	-0.1108633
16.9	-0.1140141
16.91	-0.1164787
16.92	-0.1179199
16.93	-0.1195373
16.94	-0.1212574
16.95	-0.1222938
16.96	-0.1212856
16.97	-0.1172744
16.98	-0.1092432
16.99	-0.09646545
17	-0.08071533
17.01	-0.06605724
17.02	-0.05236338
17.03	-0.03925988
17.04	-0.02745351
17.05	-0.01839212
17.06	-0.01367487
17.07	-0.01032938
17.08	-0.006856336
17.09	-0.00422762
17.1	-0.003272844
17.11	-0.003795027
17.12	-0.005464803
17.13	-0.007905034
17.14	-0.01066225
17.15	-0.01303451
17.16	-0.01473471
17.17	-0.01724119
17.18	-0.02196794
17.19	-0.02722691
17.2	-0.03210945
17.21	-0.03681268
17.22	-0.04170569
17.23	-0.04729738
17.24	-0.05338329
17.25	-0.05911462
17.26	-0.06479485
17.27	-0.07010757
17.28	-0.0741625
17.29	-0.0751213
17.3	-0.07020544
17.31	-0.05748471
17.32	-0.03811223
17.33	-0.0178058
17.34	-0.002442368
17.35	0.007950589
17.36	0.01444716
17.37	0.01778906
17.38	0.02047732
17.39	0.02385275
17.4	0.02820182
17.41	0.03327033
17.42	0.03859071
17.43	0.04321156
17.44	0.04751771
17.45	0.05222802
17.46	0.05669719
17.47	0.05962775
17.48	0.06074889
17.49	0.06127088
17.5	0.06234829
17.51	0.06357128
17.52	0.06337587
17.53	0.05931656
17.54	0.05104359
17.55	0.04121205
17.56	0.032398
17.57	0.02435105
17.58	0.0156325
17.59	0.005812406
17.6	-0.004619128
17.61	-0.01567822
17.62	-0.0271674
17.63	-0.03789663
17.64	-0.04694435
17.65	-0.0549122
17.66	-0.0617002
17.67	-0.06607434
17.68	-0.06797049
17.69	-0.06875072
17.7	-0.07038612
17.71	-0.07385666
17.72	-0.07711307
17.73	-0.07607837
17.74	-0.06670409
17.75	-0.04891305
17.76	-0.02812482
17.77	-0.007790544
17.78	0.01023469
17.79	0.02556457
17.8	0.03818734
17.81	0.04780408
17.82	0.05600733
17.83	0.06395532
17.84	0.07163754
17.85	0.07816205
17.86	0.08280942
17.87	0.08580726
17.88	0.08777722
17.89	0.08985251
17.9	0.09238594
17.91	0.09528924
17.92	0.09789579
17.93	0.0996555
17.94	0.1012957
17.95	0.1045483
17.96	0.1092363
17.97	0.1097078
17.98	0.09957893
17.99	0.07595433
18	0.04231506
18.01	0.009197614
18.02	-0.01652006
18.03	-0.03446492
18.04	-0.04625458
18.05	-0.05466698
18.06	-0.06208182
18.07	-0.06858864
18.08	-0.07292676
18.09	-0.07384661
18.1	-0.07035142
18.11	-0.06164008
18.12	-0.04804857
18.13	-0.03210264
18.14	-0.01515085
18.15	0.001132372
18.16	0.01421448
18.17	0.02245931
18.18	0.02739475
18.19	0.02957087
18.2	0.02899724
18.21	0.02580371
18.22	0.01987396
18.23	0.01174675
18.24	0.003160874
18.25	-0.003600843
18.26	-0.007789152
18.27	-0.00904063
18.28	-0.006547803
18.29	-0.000174855
18.3	0.009243842
18.31	0.01960669
18.32	0.02891278
18.33	0.03647455
18.34	0.04231021
18.35	0.04626663
18.36	0.04767963
18.37	0.04762677
18.38	0.04733353
18.39	0.04711893
18.4	0.04709666
18.41	0.04754867
18.42	0.04821407
18.43	0.04671122
18.44	0.03920218
18.45	0.02480134
18.46	0.006641247
18.47	-0.0105041
18.48	-0.02380185
18.49	-0.03339991
18.5	-0.04004656
18.51	-0.04469202
18.52	-0.04854802
18.53	-0.05337273
18.54	-0.05730881
18.55	-0.05875487
18.56	-0.05825714
18.57	-0.05606481
18.58	-0.05218411
18.59	-0.04771799
18.6	-0.04469687
18.61	-0.04281132
18.62	-0.04107488
18.63	-0.03844921
18.64	-0.0349077
18.65	-0.03100404
18.66	-0.02670379
18.67	-0.02160386
18.68	-0.01678642
18.69	-0.01470994
18.7	-0.01470745
18.71	-0.01506996
18.72	-0.01519075
18.73	-0.01516604
18.74	-0.01516004
18.75	-0.01505087
18.76	-0.0147617
18.77	-0.01477991
18.78	-0.01638689
18.79	-0.01977685
18.8	-0.02246047
18.81	-0.02290233
18.82	-0.0205389
18.83	-0.01678665
18.84	-0.01485388
18.85	-0.01462276
18.86	-0.01467535
18.87	-0.01496601
18.88	-0.0168037
18.89	-0.02025535
18.9	-0.02266733
18.91	-0.0238948
18.92	-0.02529046
18.93	-0.02671426
18.94	-0.02806622
18.95	-0.02923379
18.96	-0.02993836
18.97	-0.03051841
18.98	-0.031212
18.99	-0.03171576
19	-0.03133308
19.01	-0.03037212
19.02	-0.02880344
19.03	-0.026533
19.04	-0.02367798
19.05	-0.02028273
19.06	-0.01651711
19.07	-0.01441
19.08	-0.01440353
19.09	-0.01674607
19.1	-0.02120138
19.11	-0.02503908
19.12	-0.02749548
19.13	-0.02831544
19.14	-0.02646636
19.15	-0.02209771
19.16	-0.01719247
19.17	-0.01340898
19.18	-0.009013095
19.19	-0.003880137
19.2	0.000726778
19.21	0.004621109
19.22	0.008041993
19.23	0.01146645
19.24	0.01506287
19.25	0.01782159
19.26	0.0200474
19.27	0.02208679
19.28	0.02410067
19.29	0.02613932
19.3	0.02772832
19.31	0.02805865
19.32	0.02664369
19.33	0.02296146
19.34	0.01674308
19.35	0.009916241
19.36	0.003970427
19.37	-0.000955371
19.38	-0.004597335
19.39	-0.006834016
19.4	-0.007322609
19.41	-0.006082318
19.42	-0.00331588
19.43	0.000645996
19.44	0.005436856
19.45	0.01074955
19.46	0.01604255
19.47	0.02040477
19.48	0.02335228
19.49	0.02525401
19.5	0.02723488
19.51	0.02912145
19.52	0.03114285
19.53	0.03354526
19.54	0.0359979
19.55	0.03818886
19.56	0.03901467
19.57	0.0370201
19.58	0.03211667
19.59	0.02469935
19.6	0.01483667
19.61	0.003295073
19.62	-0.006520916
19.63	-0.01243176
19.64	-0.01499354
19.65	-0.01521013
19.66	-0.01356113
19.67	-0.009906335
19.68	-0.004651437
19.69	0.001590289
19.7	0.008864006
19.71	0.01680512
19.72	0.02333787
19.73	0.0259161
19.74	0.02449365
19.75	0.02075684
19.76	0.01557184
19.77	0.008717391
19.78	0.000835484
19.79	-0.007239504
19.8	-0.01492044
19.81	-0.02156559
19.82	-0.02680056
19.83	-0.03069108
19.84	-0.03308527
19.85	-0.03380375
19.86	-0.03322052
19.87	-0.03153109
19.88	-0.02899385
19.89	-0.02569138
19.9	-0.0212254
19.91	-0.01660528
19.92	-0.01456514
19.93	-0.01466311
19.94	-0.01489156
19.95	-0.01384119
19.96	-0.01109207
19.97	-0.007123983
19.98	-0.002430798
19.99	0.002996043
20	0.009463342
20.01	0.01658004
20.02	0.02348321
20.03	0.02961402
20.04	0.03563295
20.05	0.04180674
20.06	0.04819197
20.07	0.05430952
20.08	0.0595132
20.09	0.06499226
20.1	0.07141165
20.11	0.07691503
20.12	0.08008933
20.13	0.08300252
20.14	0.08659862
20.15	0.08988758
20.16	0.09206071
20.17	0.09352784
20.18	0.09441585
20.19	0.09444569
20.2	0.0934941
20.21	0.09159531
20.22	0.08897089
20.23	0.08557281
20.24	0.08150962
20.25	0.07762761
20.26	0.07314114
20.27	0.06859572
20.28	0.06485678
20.29	0.06171075
20.3	0.0587754
20.31	0.05556953
20.32	0.05246098
20.33	0.04969029
20.34	0.0461966
20.35	0.03996169
20.36	0.03186378
20.37	0.02375367
20.38	0.01604329
20.39	0.009302799
20.4	0.00410841
20.41	-4.53306E-05
20.42	-0.003298192
20.43	-0.005653234
20.44	-0.007333943
20.45	-0.009065848
20.46	-0.01101838
20.47	-0.01280476
20.48	-0.01417499
20.49	-0.01592987
20.5	-0.01948131
20.51	-0.02415156
20.52	-0.02883685
20.53	-0.03335323
20.54	-0.03749745
20.55	-0.04116154
20.56	-0.04426784
20.57	-0.0475536
20.58	-0.05215405
20.59	-0.05685179
20.6	-0.06069893
20.61	-0.0636512
20.62	-0.06608833
20.63	-0.06818013
20.64	-0.06936038
20.65	-0.06970014
20.66	-0.06975654
20.67	-0.06936928
20.68	-0.06754787
20.69	-0.06362933
20.7	-0.05791158
20.71	-0.05162056
20.72	-0.04637658
20.73	-0.043667
20.74	-0.04323408
20.75	-0.04354184
20.76	-0.04422226
20.77	-0.04509695
20.78	-0.04581583
20.79	-0.04624716
20.8	-0.0464617
20.81	-0.04589634
20.82	-0.04338466
20.83	-0.03904067
20.84	-0.03451533
20.85	-0.0301772
20.86	-0.02543428
20.87	-0.02035921
20.88	-0.01598138
20.89	-0.01310721
20.9	-0.01053388
20.91	-0.007749286
20.92	-0.004929161
20.93	-0.001064899
20.94	0.004800811
20.95	0.01245889
20.96	0.0206032
20.97	0.02762244
20.98	0.03261926
20.99	0.03671082
21	0.04156691
21.01	0.04613038
21.02	0.04806903
21.03	0.04804096
21.04	0.04762972
21.05	0.04746393
21.06	0.04761201
21.07	0.04792154
21.08	0.04793776
21.09	0.04650884
21.1	0.04312385
21.11	0.03900794
21.12	0.03431789
21.13	0.02934185
21.14	0.02374984
21.15	0.01676377
21.16	0.008699733
21.17	0.000260447
21.18	-0.007354774
21.19	-0.01233997
21.2	-0.01451414
21.21	-0.01778491
21.22	-0.02458807
21.23	-0.03106346
21.24	-0.03481543
21.25	-0.03635722
21.26	-0.03658214
21.27	-0.03596654
21.28	-0.03427441
21.29	-0.0316511
21.3	-0.02845545
21.31	-0.02468803
21.32	-0.02024097
21.33	-0.01533503
21.34	-0.0107838
21.35	-0.006765556
21.36	-0.003400872
21.37	-0.001005338
21.38	0.000650071
21.39	0.00201962
21.4	0.003617121
21.41	0.005618812
21.42	0.008085398
21.43	0.01127753
21.44	0.01483639
21.45	0.01654476
21.46	0.01672178
21.47	0.01676558
21.48	0.01670314
21.49	0.01496732
21.5	0.01064043
21.51	0.005711049
21.52	0.001450099
21.53	-0.001998851
21.54	-0.004604628
21.55	-0.00698504
21.56	-0.009786409
21.57	-0.01219923
21.58	-0.01401276
21.59	-0.01755315
21.6	-0.02448499
21.61	-0.03172926
21.62	-0.03762336
21.63	-0.04204657
21.64	-0.04511998
21.65	-0.04816225
21.66	-0.05237516
21.67	-0.05585818
21.68	-0.05811195
21.69	-0.05992907
21.7	-0.0614783
21.71	-0.0624679
21.72	-0.06289196
21.73	-0.06310752
21.74	-0.06275198
21.75	-0.06117005
21.76	-0.05903325
21.77	-0.05663903
21.78	-0.05356881
21.79	-0.04997915
21.8	-0.04684544
21.81	-0.04453035
21.82	-0.04189394
21.83	-0.03862442
21.84	-0.03529342
21.85	-0.03187864
21.86	-0.02776092
21.87	-0.02224856
21.88	-0.0166012
21.89	-0.01213173
21.9	-0.007649395
21.91	-0.003314734
21.92	0.000964988
21.93	0.005781432
21.94	0.01095831
21.95	0.01538974
21.96	0.01812133
21.97	0.0201399
21.98	0.02220028
21.99	0.02469612
22	0.02757447
22.01	0.03020845
22.02	0.03303156
22.03	0.03666394
22.04	0.04128418
22.05	0.04583857
22.06	0.04795647
22.07	0.04832197
22.08	0.04813637
22.09	0.04619665
22.1	0.04069506
22.11	0.0322935
22.12	0.02169588
22.13	0.009606926
22.14	-0.001956209
22.15	-0.01095787
22.16	-0.01695522
22.17	-0.02056713
22.18	-0.02023204
22.19	-0.0169905
22.2	-0.01436633
22.21	-0.01231022
22.22	-0.00988547
22.23	-0.007688604
22.24	-0.006646843
22.25	-0.006688109
22.26	-0.007916006
22.27	-0.01045394
22.28	-0.01316011
22.29	-0.01603104
22.3	-0.02008136
22.31	-0.02459655
22.32	-0.02882172
22.33	-0.03219617
22.34	-0.03394456
22.35	-0.03415824
22.36	-0.03327056
22.37	-0.03039609
22.38	-0.02456856
22.39	-0.01651362
22.4	-0.008270442
22.41	0.000191965
22.42	0.008553712
22.43	0.01526962
22.44	0.01982701
22.45	0.02332315
22.46	0.02546648
22.47	0.02631551
22.48	0.02589512
22.49	0.02407635
22.5	0.02138287
22.51	0.01845941
22.52	0.01475239
22.53	0.008898501
22.54	0.002558623
22.55	-0.002415376
22.56	-0.006378158
22.57	-0.009951776
22.58	-0.01288042
22.59	-0.01457535
22.6	-0.01496591
22.61	-0.01487247
22.62	-0.01498219
22.63	-0.01513693
22.64	-0.01419311
22.65	-0.01105991
22.66	-0.006506333
22.67	-0.00181566
22.68	0.00246854
22.69	0.005920629
22.7	0.008409821
22.71	0.009641304
22.72	0.009543319
22.73	0.008237781
22.74	0.006242296
22.75	0.004242422
22.76	0.002022167
22.77	-0.00048611
22.78	-0.003113351
22.79	-0.004989738
22.8	-0.005108121
22.81	-0.00311296
22.82	0.000689806
22.83	0.005551766
22.84	0.0108168
22.85	0.01597917
22.86	0.02049608
22.87	0.02442358
22.88	0.02756881
22.89	0.02956496
22.9	0.03072583
22.91	0.0311192
22.92	0.03108072
22.93	0.03096068
22.94	0.03092562
22.95	0.03121115
22.96	0.0319711
22.97	0.03291752
22.98	0.03371777
22.99	0.03447813
23	0.03554223
23.01	0.03658696
23.02	0.03773002
23.03	0.0391369
23.04	0.0398803
23.05	0.03992535
23.06	0.03979305
23.07	0.0397665
23.08	0.03987051
23.09	0.03988765
23.1	0.03939369
23.11	0.03822463
23.12	0.03692473
23.13	0.0355822
23.14	0.03411989
23.15	0.03290634
23.16	0.03216033
23.17	0.03185696
23.18	0.03178718
23.19	0.03210943
23.2	0.03336028
23.21	0.03536673
23.22	0.03728548
23.23	0.03893441
23.24	0.04051874
23.25	0.04290981
23.26	0.04496238
23.27	0.04462743
23.28	0.0441638
23.29	0.0440631
23.3	0.04179467
23.31	0.03915701
23.32	0.03729795
23.33	0.03661135
23.34	0.03682999
23.35	0.03772043
23.36	0.0394554
23.37	0.04238943
23.38	0.04594148
23.39	0.0476603
23.4	0.04790147
23.41	0.0481281
23.42	0.04807473
23.43	0.04529232
23.44	0.03838751
23.45	0.03049421
23.46	0.02333269
23.47	0.01652441
23.48	0.01031403
23.49	0.005133922
23.5	0.001200607
23.51	-0.001941317
23.52	-0.004351577
23.53	-0.006060991
23.54	-0.006972721
23.55	-0.007182125
23.56	-0.007144583
23.57	-0.007130603
23.58	-0.007090453
23.59	-0.006829905
23.6	-0.006413878
23.61	-0.006212507
23.62	-0.005958917
23.63	-0.00502903
23.64	-0.003343673
23.65	-0.001332507
23.66	0.000735649
23.67	0.00281184
23.68	0.004607646
23.69	0.005403297
23.7	0.004677329
23.71	0.002640661
23.72	-0.000177438
23.73	-0.003365381
23.74	-0.00689528
23.75	-0.0108762
23.76	-0.01569899
23.77	-0.02113608
23.78	-0.0256413
23.79	-0.02866973
23.8	-0.03072912
23.81	-0.03235205
23.82	-0.03361216
23.83	-0.03437505
23.84	-0.03435816
23.85	-0.03360847
23.86	-0.03255323
23.87	-0.03147225
23.88	-0.03046455
23.89	-0.02973491
23.9	-0.02949567
23.91	-0.02959256
23.92	-0.02971158
23.93	-0.02945985
23.94	-0.02843499
23.95	-0.02679175
23.96	-0.02499315
23.97	-0.0230221
23.98	-0.02010873
23.99	-0.01653894
24	-0.01477264
24.01	-0.01472831
24.02	-0.01488822
24.03	-0.01464419
24.04	-0.01467318
24.05	-0.01674982
24.06	-0.02111784
24.07	-0.02484553
24.08	-0.02704816
24.09	-0.02846371
24.1	-0.02960017
24.11	-0.03088841
24.12	-0.0321162
24.13	-0.03259788
24.14	-0.03227
24.15	-0.03145962
24.16	-0.03001763
24.17	-0.02673974
24.18	-0.02165282
24.19	-0.01676399
24.2	-0.01464202
24.21	-0.01407872
24.22	-0.01305558
24.23	-0.01190961
24.24	-0.0113989
24.25	-0.01114498
24.26	-0.01122551
24.27	-0.01196049
24.28	-0.01341204
24.29	-0.01603758
24.3	-0.0202361
24.31	-0.02455435
24.32	-0.0279569
24.33	-0.03037161
24.34	-0.03179757
24.35	-0.03247749
24.36	-0.03239002
24.37	-0.03164373
24.38	-0.030647
24.39	-0.02953364
24.4	-0.02797211
24.41	-0.02541856
24.42	-0.0212608
24.43	-0.01615188
24.44	-0.01132178
24.45	-0.006310024
24.46	-0.001017891
24.47	0.00408912
24.48	0.008384915
24.49	0.01214401
24.5	0.01566036
24.51	0.01825326
24.52	0.02006832
24.53	0.02178573
24.54	0.02352791
24.55	0.02432646
24.56	0.02380327
24.57	0.02219071
24.58	0.02019502
24.59	0.01812227
24.6	0.01493728
24.61	0.009006884
24.62	0.001402098
24.63	-0.006058379
24.64	-0.01197361
24.65	-0.01675357
24.66	-0.02203145
24.67	-0.02665167
24.68	-0.02935072
24.69	-0.03008675
24.7	-0.02961319
24.71	-0.02824404
24.72	-0.02605984
24.73	-0.02361389
24.74	-0.02057504
24.75	-0.01682389
24.76	-0.01488699
24.77	-0.01466952
24.78	-0.01444663
24.79	-0.01368208
24.8	-0.01310149
24.81	-0.01272013
24.82	-0.01208181
24.83	-0.01134255
24.84	-0.01075119
24.85	-0.01031894
24.86	-0.01030454
24.87	-0.01052944
24.88	-0.01063214
24.89	-0.01089378
24.9	-0.01110219
24.91	-0.01110681
24.92	-0.0110115
24.93	-0.01104728
24.94	-0.01155937
24.95	-0.01247605
24.96	-0.01307967
24.97	-0.01349891
24.98	-0.01402185
24.99	-0.01434798
25	-0.01472357
25.01	-0.01688289
25.02	-0.02127963
25.03	-0.02495403
25.04	-0.0266744
25.05	-0.02699148
25.06	-0.02682613
25.07	-0.02636545
25.08	-0.02510783
25.09	-0.02293822
25.1	-0.01972219
25.11	-0.01632218
25.12	-0.01479663
25.13	-0.01473755
25.14	-0.01462187
25.15	-0.01387238
25.16	-0.012694
25.17	-0.01064139
25.18	-0.008008698
25.19	-0.00572583
25.2	-0.003496023
25.21	-0.001009155
25.22	0.001999913
25.23	0.005486852
25.24	0.009852427
25.25	0.01437516
25.26	0.01691601
25.27	0.01833445
25.28	0.01988502
25.29	0.02179753
25.3	0.02350157
25.31	0.02348663
25.32	0.02199719
25.33	0.02078285
25.34	0.02027193
25.35	0.02015102
25.36	0.01971363
25.37	0.01867373
25.38	0.01764589
25.39	0.01686923
25.4	0.01638839
25.41	0.01490422
25.42	0.01163723
25.43	0.008033463
25.44	0.004395542
25.45	0.000674907
25.46	-0.002983468
25.47	-0.006700837
25.48	-0.01061321
25.49	-0.01372956
25.5	-0.01513765
25.51	-0.01666877
25.52	-0.01948667
25.53	-0.02179936
25.54	-0.02333765
25.55	-0.0248746
25.56	-0.02626597
25.57	-0.02711684
25.58	-0.02760791
25.59	-0.02759537
25.6	-0.02695716
25.61	-0.02564118
25.62	-0.02343988
25.63	-0.02023304
25.64	-0.01657838
25.65	-0.01480286
25.66	-0.01471386
25.67	-0.01483293
25.68	-0.01452775
25.69	-0.01387304
25.7	-0.01277204
25.71	-0.01157867
25.72	-0.01091162
25.73	-0.0104501
25.74	-0.009522307
25.75	-0.007633529
25.76	-0.005383124
25.77	-0.003045678
25.78	-0.000426395
25.79	0.00239173
25.8	0.005389637
25.81	0.008773369
25.82	0.01243772
25.83	0.01534187
25.84	0.0168842
25.85	0.01818499
25.86	0.01976833
25.87	0.02158181
25.88	0.02355184
25.89	0.02510652
25.9	0.02633693
25.91	0.0274041
25.92	0.02815769
25.93	0.02913553
25.94	0.03050692
25.95	0.03199954
25.96	0.0337442
25.97	0.03596539
25.98	0.03861325
25.99	0.04175914
26	0.04549372
26.01	0.04792695
26.02	0.04977377
26.03	0.05241294
26.04	0.0558024
26.05	0.05942255
26.06	0.06315792
26.07	0.06686299
26.08	0.07024516
26.09	0.07363643
26.1	0.07712778
26.11	0.07885484
26.12	0.07921975
26.13	0.07963934
26.14	0.08029317
26.15	0.08094961
26.16	0.08154913
26.17	0.08176377
26.18	0.08134481
26.19	0.08038631
26.2	0.07953593
26.21	0.07902229
26.22	0.07692346
26.23	0.07196092
26.24	0.06641516
26.25	0.06163895
26.26	0.05700065
26.27	0.05205945
26.28	0.04657539
26.29	0.04016988
26.3	0.03377262
26.31	0.02806706
26.32	0.02313684
26.33	0.01912167
26.34	0.01665801
26.35	0.0143819
26.36	0.01090814
26.37	0.007803259
26.38	0.005612341
26.39	0.004539971
26.4	0.004374487
26.41	0.004480098
26.42	0.004529843
26.43	0.004492937
26.44	0.004449766
26.45	0.004491075
26.46	0.00471652
26.47	0.005075883
26.48	0.00540207
26.49	0.006204412
26.5	0.007631789
26.51	0.008703966
26.52	0.00926951
26.53	0.009436239
26.54	0.00939718
26.55	0.009208407
26.56	0.008768267
26.57	0.007962823
26.58	0.006484414
26.59	0.004797475
26.6	0.00341803
26.61	0.002166386
26.62	0.001029541
26.63	0.000477292
26.64	0.000397323
26.65	0.000681832
26.66	0.001521453
26.67	0.002849323
26.68	0.004112179
26.69	0.004427752
26.7	0.003774606
26.71	0.002650533
26.72	0.001059652
26.73	-0.001060425
26.74	-0.003184497
26.75	-0.005268704
26.76	-0.007800772
26.77	-0.0107109
26.78	-0.01303036
26.79	-0.01458104
26.8	-0.01632273
26.81	-0.0190838
26.82	-0.02161857
26.83	-0.02352035
26.84	-0.02532503
26.85	-0.02695788
26.86	-0.02868878
26.87	-0.03060898
26.88	-0.03263117
26.89	-0.03466753
26.9	-0.03655683
26.91	-0.03800326
26.92	-0.03907396
26.93	-0.04029363
26.94	-0.04123833
26.95	-0.04135277
26.96	-0.04078839
26.97	-0.0399199
26.98	-0.03892513
26.99	-0.03825403
27	-0.03773992
27.01	-0.0370249
27.02	-0.0358706
27.03	-0.03468149
27.04	-0.03342431
27.05	-0.03168037
27.06	-0.02941822
27.07	-0.02702464
27.08	-0.02501811
27.09	-0.02309993
27.1	-0.0202439
27.11	-0.01664806
27.12	-0.01480769
27.13	-0.01474828
27.14	-0.0150764
27.15	-0.01493672
27.16	-0.01415208
27.17	-0.01327086
27.18	-0.01271615
27.19	-0.01253978
27.2	-0.01279366
27.21	-0.01303715
27.22	-0.01316663
27.23	-0.01339473
27.24	-0.01355814
27.25	-0.01328634
27.26	-0.01303248
27.27	-0.01327236
27.28	-0.01403477
27.29	-0.01477696
27.3	-0.01507899
27.31	-0.01517978
27.32	-0.01524004
27.33	-0.01473669
27.34	-0.01295276
27.35	-0.01020443
27.36	-0.007634124
27.37	-0.00587189
27.38	-0.00446904
27.39	-0.003055204
27.4	-0.001547788
27.41	-0.000331664
27.42	0.000389167
27.43	0.000845184
27.44	0.001541784
27.45	0.002517697
27.46	0.003512868
27.47	0.004411223
27.48	0.005274938
27.49	0.006385652
27.5	0.007412193
27.51	0.006843657
27.52	0.004483247
27.53	0.000621683
27.54	-0.004365299
27.55	-0.009914186
27.56	-0.01547148
27.57	-0.02059517
27.58	-0.02452165
27.59	-0.02726513
27.6	-0.02940445
27.61	-0.03080358
27.62	-0.03130729
27.63	-0.03099544
27.64	-0.03040699
27.65	-0.02984505
27.66	-0.02958721
27.67	-0.02962055
27.68	-0.02988477
27.69	-0.03033565
27.7	-0.03082551
27.71	-0.03159812
27.72	-0.03264429
27.73	-0.0336611
27.74	-0.03416237
27.75	-0.03394294
27.76	-0.03343849
27.77	-0.03270572
27.78	-0.03152267
27.79	-0.02957247
27.8	-0.02678437
27.81	-0.0235827
27.82	-0.02009451
27.83	-0.01651479
27.84	-0.01482953
27.85	-0.01475463
27.86	-0.01480501
27.87	-0.01440198
27.88	-0.01379979
27.89	-0.0132513
27.9	-0.01302806
27.91	-0.01302528
27.92	-0.0130048
27.93	-0.01299749
27.94	-0.01328726
27.95	-0.01403762
27.96	-0.01478526
27.97	-0.0150716
27.98	-0.01506251
27.99	-0.01505215
28	-0.01508198
28.01	-0.01497269
28.02	-0.01469219
28.03	-0.01479116
28.04	-0.01645945
28.05	-0.01963543
28.06	-0.02177003
28.07	-0.02219064
28.08	-0.02193943
28.09	-0.02173408
28.1	-0.02162999
28.11	-0.02139803
28.12	-0.02073166
28.13	-0.01884398
28.14	-0.01624784
28.15	-0.01491854
28.16	-0.01456242
28.17	-0.01386571
28.18	-0.01257917
28.19	-0.0111304
28.2	-0.009425245
28.21	-0.007706766
28.22	-0.007112497
28.23	-0.00769661
28.24	-0.00827849
28.25	-0.007390312
28.26	-0.005443872
28.27	-0.003391475
28.28	-0.001370043
28.29	0.001152524
28.3	0.004443849
28.31	0.007586979
28.32	0.0100963
28.33	0.0128296
28.34	0.01537311
28.35	0.01644839
28.36	0.01644608
28.37	0.0162519
28.38	0.01620257
28.39	0.01624224
28.4	0.01624626
28.41	0.0162078
28.42	0.01624632
28.43	0.01642647
28.44	0.01644943
28.45	0.01545949
28.46	0.0130518
28.47	0.01035189
28.48	0.007933109
28.49	0.006123946
28.5	0.005429529
28.51	0.005182719
28.52	0.004733589
28.53	0.004413604
28.54	0.00470454
28.55	0.00592346
28.56	0.007552692
28.57	0.008849698
28.58	0.01049389
28.59	0.01287501
28.6	0.01524009
28.61	0.01657564
28.62	0.01777214
28.63	0.01971192
28.64	0.02203728
28.65	0.02464576
28.66	0.02731454
28.67	0.02931939
28.68	0.03082781
28.69	0.03198937
28.7	0.03275767
28.71	0.03299433
28.72	0.03268222
28.73	0.03193838
28.74	0.03119599
28.75	0.0306358
28.76	0.02991883
28.77	0.0290628
28.78	0.02828564
28.79	0.02744029
28.8	0.02623859
28.81	0.02528592
28.82	0.02497087
28.83	0.0249622
28.84	0.02499015
28.85	0.02523954
28.86	0.0260094
28.87	0.02708747
28.88	0.02790538
28.89	0.02791398
28.9	0.02711998
28.91	0.02604096
28.92	0.02507479
28.93	0.02432868
28.94	0.02354431
28.95	0.02242442
28.96	0.02149694
28.97	0.02084738
28.98	0.01988351
28.99	0.01876463
29	0.0181865
29.01	0.01790847
29.02	0.01752797
29.03	0.01723055
29.04	0.0171206
29.05	0.01737895
29.06	0.01834962
29.07	0.01991569
29.08	0.02167586
29.09	0.02335583
29.1	0.02463454
29.11	0.02610155
29.12	0.02773186
29.13	0.02906193
29.14	0.03009098
29.15	0.0308079
29.16	0.0310523
29.17	0.03080058
29.18	0.03007488
29.19	0.02905893
29.2	0.0277981
29.21	0.02631052
29.22	0.02493874
29.23	0.02378862
29.24	0.0231673
29.25	0.0230962
29.26	0.02243001
29.27	0.02135332
29.28	0.02038924
29.29	0.01938744
29.3	0.01807175
29.31	0.01681595
29.32	0.01459241
29.33	0.01054022
29.34	0.006765352
29.35	0.004272314
29.36	0.002458193
29.37	0.000910369
29.38	-0.000345529
29.39	-0.001350742
29.4	-0.002059001
29.41	-0.002351688
29.42	-0.002372649
29.43	-0.002072824
29.44	-0.001280039
29.45	-0.000239702
29.46	0.000542834
29.47	0.000738715
29.48	0.000507079
29.49	0.00027394
29.5	0.000215601
29.51	-0.000278248
29.52	-0.001191355
29.53	-0.002019328
29.54	-0.00257004
29.55	-0.00300592
29.56	-0.003235675
29.57	-0.003297309
29.58	-0.003252275
29.59	-0.002951737
29.6	-0.002442917
29.61	-0.002185574
29.62	-0.002383861
29.63	-0.002881549
29.64	-0.003434127
29.65	-0.00420121
29.66	-0.005244931
29.67	-0.0064492
29.68	-0.008044
29.69	-0.01056745
29.7	-0.0130804
29.71	-0.01466147
29.72	-0.01510158
29.73	-0.01498995
29.74	-0.01488313
29.75	-0.01488137
29.76	-0.01491824
29.77	-0.0149302
29.78	-0.01492443
29.79	-0.01491631
29.8	-0.01491847
29.81	-0.01491972
29.82	-0.01491383
29.83	-0.01489903
29.84	-0.01490477
29.85	-0.01494808
29.86	-0.01499279
29.87	-0.01490344
29.88	-0.01466121
29.89	-0.01469749
29.9	-0.01605111
29.91	-0.01892346
29.92	-0.02149826
29.93	-0.02320286
29.94	-0.02476319
29.95	-0.02616738
29.96	-0.02695371
29.97	-0.02690024
29.98	-0.02534768
29.99	-0.0216331
30	-0.01703474
30.01	-0.01373385
30.02	-0.01071681
30.03	-0.007598137
30.04	-0.005092803
30.05	-0.003108426
30.06	-0.001245783
30.07	0.000730508
30.08	0.002770937
30.09	0.004516002
30.1	0.005500768
30.11	0.005739692
30.12	0.005661492
30.13	0.005426068
30.14	0.004957388
30.15	0.004182597
30.16	0.002946507
30.17	0.001702627
30.18	0.000666513
30.19	-0.000377711
30.2	-0.001696966
30.21	-0.003695945
30.22	-0.006901521
30.23	-0.01066252
30.24	-0.01366617
30.25	-0.01495914
30.26	-0.01627828
30.27	-0.01897728
30.28	-0.02142328
30.29	-0.02264565
30.3	-0.02336434
30.31	-0.02443062
30.32	-0.0253719
30.33	-0.02570293
30.34	-0.02569754
30.35	-0.02571691
30.36	-0.02573715
30.37	-0.02536134
30.38	-0.02432045
30.39	-0.02327775
30.4	-0.02298958
30.41	-0.02253466
30.42	-0.02022996
30.43	-0.01661489
30.44	-0.01468258
30.45	-0.0145472
30.46	-0.01465583
30.47	-0.01416658
30.48	-0.01313872
30.49	-0.01166839
30.5	-0.009707035
30.51	-0.007870995
30.52	-0.006747196
30.53	-0.005512342
30.54	-0.003911436
30.55	-0.002812865
30.56	-0.002275642
30.57	-0.002303184
30.58	-0.002765744
30.59	-0.003554964
30.6	-0.005021815
30.61	-0.006974266
30.62	-0.009045519
30.63	-0.01105781
30.64	-0.0127993
30.65	-0.01403657
30.66	-0.01473732
30.67	-0.01493595
30.68	-0.01490155
30.69	-0.0148615
30.7	-0.01485962
30.71	-0.01487404
30.72	-0.01488331
30.73	-0.01488196
30.74	-0.01486581
30.75	-0.01484486
30.76	-0.01486134
30.77	-0.01494244
30.78	-0.01496312
30.79	-0.01451802
30.8	-0.01332754
30.81	-0.0117114
30.82	-0.009749756
30.83	-0.00784072
30.84	-0.006272472
30.85	-0.004366642
30.86	-0.00240742
30.87	-0.000786579
30.88	0.000416162
30.89	0.000860591
30.9	0.000802349
30.91	0.000690722
30.92	0.000874432
30.93	0.001588002
30.94	0.00280758
30.95	0.004453506
30.96	0.006289393
30.97	0.007878543
30.98	0.008274441
30.99	0.007942868
31	0.007499782
31.01	0.00578599
31.02	0.002919144
31.03	-0.000258145
31.04	-0.003268059
31.05	-0.005733063
31.06	-0.007499233
31.07	-0.008739332
31.08	-0.009164491
31.09	-0.008646407
31.1	-0.007400208
31.11	-0.006080483
31.12	-0.004799661
31.13	-0.003418553
31.14	-0.002141112
31.15	-0.000867571
31.16	0.000329056
31.17	0.001066635
31.18	0.001535824
31.19	0.001936903
31.2	0.002479637
31.21	0.003088906
31.22	0.003554989
31.23	0.00327075
31.24	0.002292606
31.25	0.001491155
31.26	0.000985887
31.27	0.000552173
31.28	-0.000205235
31.29	-0.001195163
31.3	-0.001961936
31.31	-0.00223574
31.32	-0.00225538
31.33	-0.002221901
31.34	-0.001955994
31.35	-0.001218817
31.36	-0.000234543
31.37	0.000702264
31.38	0.001521389
31.39	0.002555288
31.4	0.003930707
31.41	0.004843315
31.42	0.005457782
31.43	0.00642788
31.44	0.007856975
31.45	0.008707505
31.46	0.008807964
31.47	0.008527286
31.48	0.008000791
31.49	0.007709583
31.5	0.008144841
31.51	0.00808252
31.52	0.006985371
31.53	0.005912753
31.54	0.005499542
31.55	0.005489834
31.56	0.005653079
31.57	0.006281366
31.58	0.007507845
31.59	0.009022916
31.6	0.01165655
31.61	0.01488878
31.62	0.01670945
31.63	0.01775669
31.64	0.01930998
31.65	0.02144949
31.66	0.02346186
31.67	0.02481986
31.68	0.02623216
31.69	0.02779126
31.7	0.02914902
31.71	0.03044238
31.72	0.03171621
31.73	0.03264555
31.74	0.03371113
31.75	0.03567521
31.76	0.03790142
31.77	0.03951204
31.78	0.04026953
31.79	0.0406496
31.8	0.04080885
31.81	0.04084344
31.82	0.04084519
31.83	0.04068415
31.84	0.04020544
31.85	0.03923836
31.86	0.03754535
31.87	0.03551638
31.88	0.03306852
31.89	0.03041262
31.9	0.02764601
31.91	0.02450265
31.92	0.02143232
31.93	0.01877717
31.94	0.01685076
31.95	0.01632971
31.96	0.01668203
31.97	0.0165689
31.98	0.01450297
31.99	0.01097227
32	0.008961072
32.01	0.007849893
32.02	0.006294473
32.03	0.00438744
32.04	0.002069136
32.05	-0.000445995
32.06	-0.003016813
32.07	-0.005235787
32.08	-0.006683385
32.09	-0.007186236
32.1	-0.007196871
32.11	-0.006913469
32.12	-0.005968266
32.13	-0.004205266
32.14	-0.001897946
32.15	0.000395379
32.16	0.001979025
32.17	0.002781345
32.18	0.00273288
32.19	0.00166966
32.2	-0.00032242
32.21	-0.002754057
32.22	-0.0050968
32.23	-0.00758448
32.24	-0.01023077
32.25	-0.0123105
32.26	-0.01382487
32.27	-0.01467755
32.28	-0.01488375
32.29	-0.0148841
32.3	-0.01492649
32.31	-0.01475827
32.32	-0.01381866
32.33	-0.01195487
32.34	-0.009608747
32.35	-0.007645973
32.36	-0.006858662
32.37	-0.006637846
32.38	-0.006315241
32.39	-0.006080936
32.4	-0.006019517
32.41	-0.006011804
32.42	-0.005998122
32.43	-0.00604835
32.44	-0.006328003
32.45	-0.00674313
32.46	-0.006913747
32.47	-0.007043617
32.48	-0.007760779
32.49	-0.008917049
32.5	-0.009493817
32.51	-0.009808824
32.52	-0.01020242
32.53	-0.01068577
32.54	-0.01095115
32.55	-0.01097449
32.56	-0.01094465
32.57	-0.01093584
32.58	-0.01092642
32.59	-0.01087414
32.6	-0.01086477
32.61	-0.01115075
32.62	-0.01186988
32.63	-0.01262701
32.64	-0.01314789
32.65	-0.01363891
32.66	-0.01414755
32.67	-0.01465056
32.68	-0.01472012
32.69	-0.01424269
32.7	-0.01338174
32.71	-0.01213663
32.72	-0.01100999
32.73	-0.01016444
32.74	-0.009145843
32.75	-0.007761969
32.76	-0.006941048
32.77	-0.00676908
32.78	-0.006953249
32.79	-0.007715999
32.8	-0.009032731
32.81	-0.01019891
32.82	-0.0116435
32.83	-0.01337012
32.84	-0.01432313
32.85	-0.01479195
32.86	-0.01660413
32.87	-0.02006213
32.88	-0.02245159
32.89	-0.02345587
32.9	-0.02444083
32.91	-0.02553979
32.92	-0.02636441
32.93	-0.02667011
32.94	-0.02666055
32.95	-0.0265254
32.96	-0.02623709
32.97	-0.0259201
32.98	-0.02592834
32.99	-0.025757
33	-0.02464801
33.01	-0.02337843
33.02	-0.02255091
33.03	-0.02112551
33.04	-0.01843713
33.05	-0.01579135
33.06	-0.01473564
33.07	-0.01435753
33.08	-0.0130794
33.09	-0.01061154
33.1	-0.007585689
33.11	-0.004997583
33.12	-0.002729645
33.13	-0.000418217
33.14	0.001592526
33.15	0.003152742
33.16	0.004302275
33.17	0.004765046
33.18	0.004814378
33.19	0.004757776
33.2	0.004462168
33.21	0.003741071
33.22	0.002942332
33.23	0.002422418
33.24	0.002206833
33.25	0.002250076
33.26	0.0020732
33.27	0.001641757
33.28	0.000849706
33.29	-0.000360853
33.3	-0.001860716
33.31	-0.003399037
33.32	-0.004925587
33.33	-0.006157173
33.34	-0.006894117
33.35	-0.007107181
33.36	-0.007059275
33.37	-0.006997258
33.38	-0.006996854
33.39	-0.007066555
33.4	-0.007125923
33.41	-0.006900963
33.42	-0.00610479
33.43	-0.004859026
33.44	-0.00361492
33.45	-0.002802791
33.46	-0.002061668
33.47	-0.00126353
33.48	-0.000565314
33.49	0.000287673
33.5	0.001930258
33.51	0.003995173
33.52	0.005962248
33.53	0.008411814
33.54	0.01168591
33.55	0.01498397
33.56	0.01649433
33.57	0.01707265
33.58	0.01833186
33.59	0.0200253
33.6	0.02116212
33.61	0.02144325
33.62	0.02133869
33.63	0.02124858
33.64	0.02126077
33.65	0.02129048
33.66	0.021277
33.67	0.02124532
33.68	0.02140128
33.69	0.02191724
33.7	0.0228044
33.71	0.0239088
33.72	0.02432953
33.73	0.02357855
33.74	0.02213082
33.75	0.02110787
33.76	0.02021912
33.77	0.01878342
33.78	0.01710076
33.79	0.01627905
33.8	0.01625604
33.81	0.01639656
33.82	0.01641749
33.83	0.01634755
33.84	0.01638341
33.85	0.01658925
33.86	0.01661255
33.87	0.01553371
33.88	0.01304915
33.89	0.01065983
33.9	0.009293519
33.91	0.00878101
33.92	0.008654308
33.93	0.008110335
33.94	0.006875872
33.95	0.00585298
33.96	0.00557246
33.97	0.005612499
33.98	0.00529214
33.99	0.004397251
34	0.003128304
34.01	0.001093677
34.02	-0.001569511
34.03	-0.004552454
34.04	-0.007373505
34.05	-0.0101308
34.06	-0.01253955
34.07	-0.01405962
34.08	-0.01480632
34.09	-0.01500168
34.1	-0.01486183
34.11	-0.01457298
34.12	-0.0146017
34.13	-0.01600784
34.14	-0.01898619
34.15	-0.02153935
34.16	-0.02265032
34.17	-0.02289904
34.18	-0.02302433
34.19	-0.02277807
34.2	-0.02080169
34.21	-0.01713265
34.22	-0.0140916
34.23	-0.01095706
34.24	-0.006622801
34.25	-0.001350573
34.26	0.003342284
34.27	0.006460368
34.28	0.008742351
34.29	0.0116128
34.3	0.01489309
34.31	0.01664205
34.32	0.01700365
34.33	0.01662219
34.34	0.01485308
34.35	0.01173697
34.36	0.009512373
34.37	0.008621799
34.38	0.007850207
34.39	0.006294112
34.4	0.004434248
34.41	0.002600916
34.42	0.001180449
34.43	0.000391607
34.44	-0.000302259
34.45	-0.000922186
34.46	-0.001206423
34.47	-0.001325434
34.48	-0.001502265
34.49	-0.001422609
34.5	-0.000746022
34.51	-0.000220799
34.52	-0.000101687
34.53	-0.000172795
34.54	-0.000421817
34.55	-0.00087834
34.56	-0.001459802
34.57	-0.002272237
34.58	-0.002951897
34.59	-0.002966875
34.6	-0.002522954
34.61	-0.002212069
34.62	-0.001919969
34.63	-0.001253129
34.64	-0.000315567
34.65	0.000693684
34.66	0.001779102
34.67	0.00302878
34.68	0.00416732
34.69	0.004680451
34.7	0.004989507
34.71	0.005620323
34.72	0.006275451
34.73	0.006628776
34.74	0.007105334
34.75	0.007979291
34.76	0.008800202
34.77	0.00963702
34.78	0.010354
34.79	0.01059251
34.8	0.01033322
34.81	0.009804537
34.82	0.009331779
34.83	0.008826148
34.84	0.008095253
34.85	0.006935573
34.86	0.00570895
34.87	0.004394609
34.88	0.002732009
34.89	0.000983051
34.9	-0.000582473
34.91	-0.001978441
34.92	-0.002960447
34.93	-0.003719425
34.94	-0.004620248
34.95	-0.005349174
34.96	-0.006046575
34.97	-0.00681372
34.98	-0.007829167
34.99	-0.009176853
35	-0.01018856
35.01	-0.01127405
35.02	-0.01275382
35.03	-0.01407832
35.04	-0.01472148
35.05	-0.01461924
35.06	-0.01469684
35.07	-0.01652935
35.08	-0.02009336
35.09	-0.0226193
35.1	-0.02371077
35.11	-0.02430724
35.12	-0.02407046
35.13	-0.02320813
35.14	-0.02279187
35.15	-0.02267931
35.16	-0.02184102
35.17	-0.01950496
35.18	-0.01639836
35.19	-0.0147797
35.2	-0.01417338
35.21	-0.01306526
35.22	-0.01144128
35.23	-0.009581945
35.24	-0.007333219
35.25	-0.004906023
35.26	-0.00245018
35.27	-0.000154994
35.28	0.002066232
35.29	0.004088586
35.3	0.005451692
35.31	0.006655769
35.32	0.007934982
35.33	0.007886663
35.34	0.006390106
35.35	0.004944011
35.36	0.003714624
35.37	0.002158186
35.38	0.000955515
35.39	0.000337624
35.4	-7.7828E-05
35.41	-0.000247688
35.42	-0.000238718
35.43	-0.000243486
35.44	-0.000455696
35.45	-0.000885295
35.46	-0.001381112
35.47	-0.002202997
35.48	-0.003425023
35.49	-0.004668829
35.5	-0.005441968
35.51	-0.006058148
35.52	-0.006774651
35.53	-0.007850031
35.54	-0.009314055
35.55	-0.01016242
35.56	-0.01025765
35.57	-0.009824742
35.58	-0.008840683
35.59	-0.007675813
35.6	-0.006632916
35.61	-0.005171245
35.62	-0.003264416
35.63	-0.001249225
35.64	0.000722713
35.65	0.002671028
35.66	0.004674311
35.67	0.006670198
35.68	0.008353943
35.69	0.009378976
35.7	0.009934182
35.71	0.01032576
35.72	0.01022003
35.73	0.009570445
35.74	0.009047742
35.75	0.008921535
35.76	0.008687267
35.77	0.008525231
35.78	0.00874837
35.79	0.009259585
35.8	0.009576824
35.81	0.009555444
35.82	0.009261518
35.83	0.008858388
35.84	0.008607706
35.85	0.008063524
35.86	0.006845632
35.87	0.005559789
35.88	0.004746429
35.89	0.004521073
35.9	0.004569815
35.91	0.004631238
35.92	0.004677033
35.93	0.004686631
35.94	0.004448998
35.95	0.003740823
35.96	0.002710242
35.97	0.001588801
35.98	0.000605505
35.99	0.000160016
36	0.000378178
36.01	0.000659995
36.02	0.000802648
36.03	0.001006812
36.04	0.001168041
36.05	0.000967655
36.06	0.000776408
36.07	0.000730067
36.08	0.000500286
36.09	-0.000176892
36.1	-0.001129788
36.11	-0.002203577
36.12	-0.003497302
36.13	-0.004925804
36.14	-0.005944261
36.15	-0.006491231
36.16	-0.006908601
36.17	-0.007114696
36.18	-0.007130581
36.19	-0.007094676
36.2	-0.007078884
36.21	-0.007110808
36.22	-0.007052597
36.23	-0.006620212
36.24	-0.005284383
36.25	-0.002582879
36.26	0.000431139
36.27	0.002996081
36.28	0.005429506
36.29	0.007984438
36.3	0.01116076
36.31	0.01476667
36.32	0.01655747
36.33	0.01664915
36.34	0.01635854
36.35	0.01625216
36.36	0.01629793
36.37	0.01630508
36.38	0.01626204
36.39	0.016339
36.4	0.01660093
36.41	0.01657187
36.42	0.01503628
36.43	0.01166206
36.44	0.008294617
36.45	0.005422975
36.46	0.00267998
36.47	-0.000180781
36.48	-0.00338123
36.49	-0.006886227
36.5	-0.01023054
36.51	-0.01298727
36.52	-0.01464721
36.53	-0.01509571
36.54	-0.01499686
36.55	-0.01487759
36.56	-0.01485254
36.57	-0.01490344
36.58	-0.01502236
36.59	-0.01506198
36.6	-0.01455277
36.61	-0.01312297
36.62	-0.01128093
36.63	-0.009467681
36.64	-0.007808893
36.65	-0.006621974
36.66	-0.005394774
36.67	-0.00394866
36.68	-0.002273514
36.69	-0.000527607
36.7	0.001542729
36.71	0.004803302
36.72	0.009680646
36.73	0.0145429
36.74	0.01665177
36.75	0.01691455
36.76	0.01728655
36.77	0.01800314
36.78	0.01839856
36.79	0.01809728
36.8	0.01722802
36.81	0.01654543
36.82	0.0165349
36.83	0.01649156
36.84	0.01493517
36.85	0.01174667
36.86	0.009320375
36.87	0.008408146
36.88	0.00838341
36.89	0.008539206
36.9	0.008551819
36.91	0.008495898
36.92	0.008510006
36.93	0.008714109
36.94	0.00895822
36.95	0.009047776
36.96	0.009293574
36.97	0.00944785
36.98	0.009290976
36.99	0.009051106
37	0.008971856
37.01	0.008715346
37.02	0.008469188
37.03	0.008453418
37.04	0.008748617
37.05	0.009243459
37.06	0.009496002
37.07	0.009509124
37.08	0.009521466
37.09	0.00958143
37.1	0.009370861
37.11	0.008402893
37.12	0.006668748
37.13	0.004631673
37.14	0.002624525
37.15	0.000683057
37.16	-0.00127367
37.17	-0.003365676
37.18	-0.005557446
37.19	-0.007874795
37.2	-0.0106394
37.21	-0.01310315
37.22	-0.0146336
37.23	-0.01514246
37.24	-0.01512799
37.25	-0.01476078
37.26	-0.01372806
37.27	-0.0122325
37.28	-0.01098862
37.29	-0.01026354
37.3	-0.009754386
37.31	-0.008864498
37.32	-0.007735285
37.33	-0.00684078
37.34	-0.005794094
37.35	-0.004647558
37.36	-0.004081872
37.37	-0.004064812
37.38	-0.004368737
37.39	-0.004882574
37.4	-0.005452232
37.41	-0.006176633
37.42	-0.006803923
37.43	-0.007134001
37.44	-0.007656374
37.45	-0.008543848
37.46	-0.009102923
37.47	-0.009257401
37.48	-0.009196551
37.49	-0.008659912
37.5	-0.007432249
37.51	-0.005946304
37.52	-0.004461096
37.53	-0.003023014
37.54	-0.001301315
37.55	0.000744613
37.56	0.00277274
37.57	0.004208246
37.58	0.004719689
37.59	0.004926918
37.6	0.005297633
37.61	0.005560066
37.62	0.005635998
37.63	0.005632583
37.64	0.005557631
37.65	0.005308528
37.66	0.004947837
37.67	0.00470951
37.68	0.004132587
37.69	0.002721517
37.7	0.001034529
37.71	-0.000446824
37.72	-0.00202655
37.73	-0.0040505
37.74	-0.006230654
37.75	-0.007275814
37.76	-0.007316867
37.77	-0.007129875
37.78	-0.007039986
37.79	-0.007068239
37.8	-0.007164182
37.81	-0.007246289
37.82	-0.007006378
37.83	-0.006018094
37.84	-0.00431372
37.85	-0.002337662
37.86	-0.000291326
37.87	0.0019772
37.88	0.004420149
37.89	0.006517695
37.9	0.008169839
37.91	0.009974873
37.92	0.01266011
37.93	0.015434
37.94	0.01684566
37.95	0.01682359
37.96	0.01503958
37.97	0.01146571
37.98	0.008082257
37.99	0.005942947
38	0.005273831
38.01	0.005475229
38.02	0.006213549
38.03	0.007443043
38.04	0.008913996
38.05	0.01158533
38.06	0.01490929
38.07	0.01655136
38.08	0.01662635
38.09	0.01633828
38.1	0.01622487
38.11	0.01627396
38.12	0.01632956
38.13	0.01633896
38.14	0.01632207
38.15	0.01630872
38.16	0.01630931
38.17	0.01632288
38.18	0.0163396
38.19	0.01632807
38.2	0.01627241
38.21	0.01622707
38.22	0.01634889
38.23	0.01663181
38.24	0.01653299
38.25	0.01488372
38.26	0.01172119
38.27	0.009427422
38.28	0.008519831
38.29	0.007911345
38.3	0.00681606
38.31	0.005825771
38.32	0.005492922
38.33	0.005511469
38.34	0.005382683
38.35	0.004954939
38.36	0.004417912
38.37	0.003626995
38.38	0.002628559
38.39	0.001658846
38.4	0.000934147
38.41	0.000410655
38.42	-0.000284024
38.43	-0.001013512
38.44	-0.001544713
38.45	-0.001982681
38.46	-0.002372804
38.47	-0.002972942
38.48	-0.003966002
38.49	-0.005133529
38.5	-0.005676534
38.51	-0.006162805
38.52	-0.007015543
38.53	-0.008217195
38.54	-0.009702217
38.55	-0.01132045
38.56	-0.01313974
38.57	-0.01460439
38.58	-0.01502336
38.59	-0.01476815
38.6	-0.01478391
38.61	-0.01611076
38.62	-0.01851102
38.63	-0.01993901
38.64	-0.02034691
38.65	-0.02058061
38.66	-0.02067416
38.67	-0.0207193
38.68	-0.02103639
38.69	-0.02178446
38.7	-0.02247423
38.71	-0.02270983
38.72	-0.0228358
38.73	-0.02342795
38.74	-0.02414004
38.75	-0.02415871
38.76	-0.02429421
38.77	-0.02406221
38.78	-0.02330362
38.79	-0.02293461
38.8	-0.02264113
38.81	-0.02129473
38.82	-0.01861841
38.83	-0.01601868
38.84	-0.01463284
38.85	-0.0131273
38.86	-0.01044931
38.87	-0.007641183
38.88	-0.005439989
38.89	-0.003573745
38.9	-0.002205813
38.91	-0.001155864
38.92	-0.00017984
38.93	0.000516916
38.94	0.000572464
38.95	0.000123897
38.96	-0.000473001
38.97	-0.001350242
38.98	-0.002333722
38.99	-0.002795557
39	-0.002344589
39.01	-0.00157593
39.02	-0.000977255
39.03	-0.000291299
39.04	0.00060384
39.05	0.001689309
39.06	0.002966533
39.07	0.004140686
39.08	0.004695608
39.09	0.004960561
39.1	0.005183924
39.11	0.004976995
39.12	0.004113214
39.13	0.00236449
39.14	-1.89577E-06
39.15	-0.002968603
39.16	-0.005675872
39.17	-0.007742647
39.18	-0.009659856
39.19	-0.011306
39.2	-0.01257418
39.21	-0.01331198
39.22	-0.01365125
39.23	-0.01345158
39.24	-0.01245255
39.25	-0.01017919
39.26	-0.007029266
39.27	-0.003747998
39.28	-0.000637278
39.29	0.002642812
39.3	0.005623619
39.31	0.007641513
39.32	0.009065836
39.33	0.01157817
39.34	0.01487151
39.35	0.01655503
39.36	0.01666341
39.37	0.01636112
39.38	0.01620197
39.39	0.01625241
39.4	0.0165379
39.41	0.0170483
39.42	0.0175722
39.43	0.01808488
39.44	0.01836197
39.45	0.01837212
39.46	0.01808504
39.47	0.01752263
39.48	0.01700363
39.49	0.01676781
39.5	0.017012
39.51	0.01730111
39.52	0.01741482
39.53	0.01737839
39.54	0.0170752
39.55	0.01653635
39.56	0.01620839
39.57	0.01640469
39.58	0.01725538
39.59	0.01856592
39.6	0.01980003
39.61	0.0203447
39.62	0.02042955
39.63	0.02035505
39.64	0.0198152
39.65	0.01856311
39.66	0.01721748
39.67	0.01636424
39.68	0.01626704
39.69	0.0166153
39.7	0.01658286
39.71	0.01494046
39.72	0.01172582
39.73	0.009368497
39.74	0.00851505
39.75	0.008351685
39.76	0.008000736
39.77	0.007610799
39.78	0.007991838
39.79	0.008471146
39.8	0.008611211
39.81	0.008556053
39.82	0.008480832
39.83	0.008504195
39.84	0.008625584
39.85	0.008649968
39.86	0.008105171
39.87	0.006823089
39.88	0.005547908
39.89	0.004822797
39.9	0.004583295
39.91	0.004150572
39.92	0.003232367
39.93	0.002397085
39.94	0.00166499
39.95	0.001035535
39.96	0.000324011
39.97	-0.000958666
39.98	-0.002689928
39.99	-0.004541906
40	-0.006033522
40.01	-0.00784101
40.02	-0.01052761
40.03	-0.01307882
40.04	-0.01465654
40.05	-0.01508434
40.06	-0.01497273
40.07	-0.01486685
40.08	-0.01486807
40.09	-0.01490427
40.1	-0.01491779
40.11	-0.01491182
40.12	-0.01490388
40.13	-0.01490257
40.14	-0.0149044
40.15	-0.01490561
40.16	-0.01490499
40.17	-0.01490419
40.18	-0.01490473
40.19	-0.01490641
40.2	-0.01490577
40.21	-0.01489999
40.22	-0.01489405
40.23	-0.01490539
40.24	-0.01493657
40.25	-0.01492522
40.26	-0.01471061
40.27	-0.01424408
40.28	-0.01369014
40.29	-0.01293924
40.3	-0.01219564
40.31	-0.01166944
40.32	-0.01124202
40.33	-0.01088637
40.34	-0.01031989
40.35	-0.009248149
40.36	-0.007777267
40.37	-0.006994718
40.38	-0.006964214
40.39	-0.007117765
40.4	-0.007125878
40.41	-0.006964914
40.42	-0.006960666
40.43	-0.007744544
40.44	-0.009444014
40.45	-0.01100946
40.46	-0.01210395
40.47	-0.01288414
40.48	-0.01334114
40.49	-0.01311931
40.5	-0.01173547
40.51	-0.009702918
40.52	-0.007072399
40.53	-0.004121925
40.54	-0.001411428
40.55	0.000776653
40.56	0.00271282
40.57	0.00470663
40.58	0.006684037
40.59	0.008140581
40.6	0.00869938
40.61	0.008769733
40.62	0.008609028
40.63	0.007810739
40.64	0.006367095
40.65	0.005293706
40.66	0.004743973
40.67	0.004576238
40.68	0.004568819
40.69	0.004611828
40.7	0.00488299
40.71	0.005373332
40.72	0.005663093
40.73	0.0055384
40.74	0.005001527
40.75	0.003973861
40.76	0.002302303
40.77	0.000531595
40.78	-0.001325878
40.79	-0.003228591
40.8	-0.004722921
40.81	-0.005561928
40.82	-0.006031695
40.83	-0.005955189
40.84	-0.00519466
40.85	-0.00413764
40.86	-0.003289618
40.87	-0.003005357
40.88	-0.003305585
40.89	-0.004133812
40.9	-0.005155595
40.91	-0.006058142
40.92	-0.00677877
40.93	-0.007759067
40.94	-0.009461683
40.95	-0.01127176
40.96	-0.012811
40.97	-0.01377217
40.98	-0.01426546
40.99	-0.01467771
41	-0.01489534
41.01	-0.01493116
41.02	-0.01490947
41.03	-0.01488253
41.04	-0.01485785
41.05	-0.01486756
41.06	-0.01495447
41.07	-0.0150343
41.08	-0.01473439
41.09	-0.01367419
41.1	-0.01221239
41.11	-0.01122241
41.12	-0.01073479
41.13	-0.01000905
41.14	-0.008772876
41.15	-0.007517536
41.16	-0.007001456
41.17	-0.007014667
41.18	-0.006901039
41.19	-0.00641376
41.2	-0.005798619
41.21	-0.005262131
41.22	-0.005162733
41.23	-0.005437867
41.24	-0.005399528
41.25	-0.004457655
41.26	-0.003425372
41.27	-0.002991123
41.28	-0.003018718
41.29	-0.003394277
41.3	-0.004134494
41.31	-0.004895706
41.32	-0.005436723
41.33	-0.005885323
41.34	-0.006241154
41.35	-0.006730498
41.36	-0.007710377
41.37	-0.00943771
41.38	-0.01126494
41.39	-0.01286371
41.4	-0.01387312
41.41	-0.01408121
41.42	-0.01353049
41.43	-0.01235102
41.44	-0.0110517
41.45	-0.009488722
41.46	-0.007530045
41.47	-0.005807003
41.48	-0.004568744
41.49	-0.00380828
41.5	-0.003054452
41.51	-0.002408271
41.52	-0.002380662
41.53	-0.002835414
41.54	-0.003183185
41.55	-0.003328449
41.56	-0.003310468
41.57	-0.002770396
41.58	-0.001368738
41.59	0.000417238
41.6	0.002272281
41.61	0.004336277
41.62	0.006347918
41.63	0.008553118
41.64	0.0116425
41.65	0.01502448
41.66	0.01662334
41.67	0.01664796
41.68	0.01632109
41.69	0.01623406
41.7	0.01655893
41.71	0.01712762
41.72	0.01755178
41.73	0.01777278
41.74	0.01807496
41.75	0.0190331
41.76	0.02001904
41.77	0.02042998
41.78	0.0204076
41.79	0.02005197
41.8	0.01933655
41.81	0.01856863
41.82	0.01793053
41.83	0.01728872
41.84	0.01687171
41.85	0.01656321
41.86	0.01500584
41.87	0.01164305
41.88	0.008336357
41.89	0.00585937
41.9	0.003932532
41.91	0.002164981
41.92	0.001005864
41.93	0.000349512
41.94	-0.000521646
41.95	-0.001383237
41.96	-0.001731088
41.97	-0.002094675
41.98	-0.00253228
41.99	-0.002515937
42	-0.001538115
42.01	-0.000252458
42.02	0.000757649
42.03	0.001455318
42.04	0.002214941
42.05	0.003459814
42.06	0.004549203
42.07	0.00484661
42.08	0.004222688
42.09	0.002974577
42.1	0.002002896
42.11	0.001428291
42.12	0.00049163
42.13	-0.000908522
42.14	-0.002165144
42.15	-0.003055921
42.16	-0.003802962
42.17	-0.004415479
42.18	-0.004236553
42.19	-0.003598187
42.2	-0.002930416
42.21	-0.001889254
42.22	-0.000551518
42.23	0.00048007
42.24	0.001314249
42.25	0.002450953
42.26	0.003461487
42.27	0.004048122
42.28	0.004272497
42.29	0.003992916
42.3	0.003440072
42.31	0.00268957
42.32	0.001992197
42.33	0.001458463
42.34	0.000748167
42.35	-4.26066E-05
42.36	-0.000624997
42.37	-0.000802202
42.38	-0.000262799
42.39	0.000485596
42.4	0.000817522
42.41	0.000815735
42.42	0.000750022
42.43	0.000717226
42.44	0.000690646
42.45	0.000707607
42.46	0.000954969
42.47	0.001572016
42.48	0.002355824
42.49	0.003447401
42.5	0.005114564
42.51	0.006703382
42.52	0.008170132
42.53	0.01004046
42.54	0.01283222
42.55	0.01550722
42.56	0.01655352
42.57	0.01647084
42.58	0.01639925
42.59	0.01667208
42.6	0.01657441
42.61	0.0146418
42.62	0.0110216
42.63	0.008721951
42.64	0.008277194
42.65	0.007977076
42.66	0.006888975
42.67	0.005846421
42.68	0.005715102
42.69	0.006260887
42.7	0.006705405
42.71	0.006755923
42.72	0.006364682
42.73	0.005590193
42.74	0.004946334
42.75	0.004695573
42.76	0.00418918
42.77	0.002829266
42.78	0.001104058
42.79	-0.000526508
42.8	-0.002260637
42.81	-0.003951346
42.82	-0.005228249
42.83	-0.005996813
42.84	-0.006234714
42.85	-0.005985265
42.86	-0.005207962
42.87	-0.00396729
42.88	-0.002447565
42.89	-0.000940322
42.9	0.000508254
42.91	0.001751884
42.92	0.002853083
42.93	0.003775889
42.94	0.004008853
42.95	0.00336042
42.96	0.002546457
42.97	0.001599434
42.98	0.0004377
42.99	-0.000475588
43	-0.000745558
43.01	-0.001150738
43.02	-0.002060252
43.03	-0.003402239
43.04	-0.004930931
43.05	-0.006118514
43.06	-0.006872038
43.07	-0.007575521
43.08	-0.008556392
43.09	-0.009360309
43.1	-0.00970262
43.11	-0.009351648
43.12	-0.008510955
43.13	-0.007539507
43.14	-0.00709085
43.15	-0.006862563
43.16	-0.006142578
43.17	-0.004878028
43.18	-0.003609622
43.19	-0.00306154
43.2	-0.003019274
43.21	-0.003074536
43.22	-0.003235784
43.23	-0.003734164
43.24	-0.004179496
43.25	-0.003742712
43.26	-0.002973897
43.27	-0.002337363
43.28	-0.002082463
43.29	-0.00215353
43.3	-0.002436972
43.31	-0.002827833
43.32	-0.003115272
43.33	-0.00370665
43.34	-0.004828921
43.35	-0.005763147
43.36	-0.006355902
43.37	-0.007320393
43.38	-0.008763981
43.39	-0.01004687
43.4	-0.01082905
43.41	-0.01124958
43.42	-0.01169934
43.43	-0.01223169
43.44	-0.01278282
43.45	-0.01295782
43.46	-0.01265223
43.47	-0.01225002
43.48	-0.01242362
43.49	-0.01283611
43.5	-0.01270612
43.51	-0.01271485
43.52	-0.01307671
43.53	-0.01364762
43.54	-0.01419814
43.55	-0.01467385
43.56	-0.01489831
43.57	-0.01496086
43.58	-0.01498322
43.59	-0.01472371
43.6	-0.0138038
43.61	-0.01233008
43.62	-0.01068471
43.63	-0.00891216
43.64	-0.007469079
43.65	-0.006759233
43.66	-0.006365116
43.67	-0.005878361
43.68	-0.004898801
43.69	-0.003726039
43.7	-0.002914803
43.71	-0.002102947
43.72	-0.001021714
43.73	-8.68854E-06
43.74	0.00062988
43.75	0.001305777
43.76	0.001527811
43.77	0.001160417
43.78	0.000547181
43.79	-0.000475274
43.8	-0.00169802
43.81	-0.002587562
43.82	-0.003135792
43.83	-0.0030211
43.84	-0.00203407
43.85	-0.000604121
43.86	0.000701747
43.87	0.002177428
43.88	0.004141769
43.89	0.006173368
43.9	0.007937097
43.91	0.008912683
43.92	0.009410159
43.93	0.009744835
43.94	0.009988846
43.95	0.01010984
43.96	0.01034407
43.97	0.01022938
43.98	0.009559209
43.99	0.009009258
44	0.008959567
44.01	0.008920308
44.02	0.008698083
44.03	0.007803701
44.04	0.006136146
44.05	0.004880538
44.06	0.004303283
44.07	0.003673139
44.08	0.002722483
44.09	0.001669754
44.1	0.000902679
44.11	0.000656352
44.12	0.000688196
44.13	0.000731381
44.14	0.000745575
44.15	0.00078584
44.16	0.000809225
44.17	0.000556042
44.18	-0.000195601
44.19	-0.001204528
44.2	-0.002146718
44.21	-0.002916721
44.22	-0.00376906
44.23	-0.004935917
44.24	-0.005616705
44.25	-0.005468293
44.26	-0.005238197
44.27	-0.00517939
44.28	-0.004747745
44.29	-0.003491308
44.3	-0.001741874
44.31	-4.19092E-06
44.32	0.001251271
44.33	0.002650122
44.34	0.004373957
44.35	0.006216445
44.36	0.00788759
44.37	0.008650477
44.38	0.008921762
44.39	0.009275683
44.4	0.009518191
44.41	0.009569085
44.42	0.009516528
44.43	0.009467034
44.44	0.009533834
44.45	0.009811468
44.46	0.01004698
44.47	0.009791338
44.48	0.009315339
44.49	0.008985907
44.5	0.008966208
44.51	0.008873826
44.52	0.008710609
44.53	0.008122109
44.54	0.006685511
44.55	0.004945028
44.56	0.003394721
44.57	0.001907014
44.58	0.000428295
44.59	-0.001017194
44.6	-0.002020854
44.61	-0.002558712
44.62	-0.002965521
44.63	-0.003155725
44.64	-0.003193414
44.65	-0.003235537
44.66	-0.003243657
44.67	-0.002951291
44.68	-0.002201874
44.69	-0.001442663
44.7	-0.001121725
44.71	-0.001126551
44.72	-0.001248124
44.73	-0.001475309
44.74	-0.001675159
44.75	-0.001690991
44.76	-0.001946177
44.77	-0.002406424
44.78	-0.002917573
44.79	-0.00323616
44.8	-0.003475279
44.81	-0.003644003
44.82	-0.003472112
44.83	-0.003267805
44.84	-0.002966785
44.85	-0.002242413
44.86	-0.001220242
44.87	-0.000213687
44.88	0.000518824
44.89	0.001007229
44.9	0.001645141
44.91	0.002416353
44.92	0.0032612
44.93	0.004172984
44.94	0.004609879
44.95	0.004851407
44.96	0.005550124
44.97	0.006779508
44.98	0.008109728
44.99	0.008957818
45	0.009390584
45.01	0.00942593
45.02	0.009493919
45.03	0.01035163
45.04	0.0124814
45.05	0.01520522
45.06	0.01656107
45.07	0.01661454
45.08	0.01637363
45.09	0.01627905
45.1	0.01631949
45.11	0.01636374
45.12	0.01637703
45.13	0.01637483
45.14	0.01636542
45.15	0.01632979
45.16	0.01629159
45.17	0.01635125
45.18	0.01655298
45.19	0.01656152
45.2	0.0155093
45.21	0.01306837
45.22	0.01062464
45.23	0.008863799
45.24	0.007776197
45.25	0.007238583
45.26	0.006120591
45.27	0.004989958
45.28	0.004286526
45.29	0.003570199
45.3	0.002912627
45.31	0.002634523
45.32	0.002644013
45.33	0.002706453
45.34	0.002705299
45.35	0.002631125
45.36	0.002610783
45.37	0.002913864
45.38	0.003653505
45.39	0.004370594
45.4	0.004696986
45.41	0.004947357
45.42	0.005351104
45.43	0.005600672
45.44	0.005668847
45.45	0.005699868
45.46	0.005656724
45.47	0.005329852
45.48	0.004789415
45.49	0.004726335
45.5	0.005507606
45.51	0.006858806
45.52	0.008146606
45.53	0.008669291
45.54	0.008642283
45.55	0.008534614
45.56	0.00850912
45.57	0.008534092
45.58	0.008551986
45.59	0.008551004
45.6	0.008546182
45.61	0.008546103
45.62	0.008548207
45.63	0.008539924
45.64	0.008527953
45.65	0.008534775
45.66	0.008590985
45.67	0.008630661
45.68	0.008486013
45.69	0.007991351
45.7	0.007611469
45.71	0.0080483
45.72	0.008434172
45.73	0.008183063
45.74	0.007759698
45.75	0.007588892
45.76	0.00663512
45.77	0.005021407
45.78	0.003425908
45.79	0.001895835
45.8	0.000441677
45.81	-0.001001953
45.82	-0.002208174
45.83	-0.003207251
45.84	-0.004178561
45.85	-0.005159493
45.86	-0.006063403
45.87	-0.006793099
45.88	-0.007587558
45.89	-0.008811126
45.9	-0.009995632
45.91	-0.01075753
45.92	-0.01127205
45.93	-0.01202797
45.94	-0.0129147
45.95	-0.01340144
45.96	-0.01348926
45.97	-0.01393778
45.98	-0.01460741
45.99	-0.0149407
46	-0.01496019
46.01	-0.01490265
46.02	-0.01487564
46.03	-0.01487198
46.04	-0.01486545
46.05	-0.01488681
46.06	-0.0149547
46.07	-0.01500147
46.08	-0.01482907
46.09	-0.01448307
46.1	-0.01465921
46.11	-0.01668915
46.12	-0.02006866
46.13	-0.02136398
46.14	-0.01960918
46.15	-0.01636954
46.16	-0.01461309
46.17	-0.01453356
46.18	-0.01485906
46.19	-0.01499758
46.2	-0.01494453
46.21	-0.0148831
46.22	-0.01486261
46.23	-0.01486619
46.24	-0.01488067
46.25	-0.01493265
46.26	-0.01496443
46.27	-0.01473165
46.28	-0.01399238
46.29	-0.01293281
46.3	-0.01187482
46.31	-0.01114801
46.32	-0.01093017
46.33	-0.01095313
46.34	-0.01094062
46.35	-0.0109233
46.36	-0.01119588
46.37	-0.01193621
46.38	-0.01271513
46.39	-0.01307686
46.4	-0.01305674
46.41	-0.01268862
46.42	-0.01197208
46.43	-0.01129596
46.44	-0.01079205
46.45	-0.009987686
46.46	-0.00874327
46.47	-0.007546114
46.48	-0.007057835
46.49	-0.006841335
46.5	-0.00614896
46.51	-0.004930291
46.52	-0.003673277
46.53	-0.002866519
46.54	-0.002128372
46.55	-0.001257767
46.56	-0.000469975
46.57	0.000114876
46.58	0.000564738
46.59	0.000562697
46.6	0.000105183
46.61	-0.000476635
46.62	-0.001226404
46.63	-0.001960025
46.64	-0.002508179
46.65	-0.002973331
46.66	-0.003182371
46.67	-0.003190895
46.68	-0.003185032
46.69	-0.003216781
46.7	-0.003179269
46.71	-0.002893544
46.72	-0.002458536
46.73	-0.002388883
46.74	-0.002595522
46.75	-0.002702158
46.76	-0.002954253
46.77	-0.00316577
46.78	-0.003226225
46.79	-0.003184389
46.8	-0.002964968
46.81	-0.002552081
46.82	-0.002012926
46.83	-0.000998305
46.84	0.000434524
46.85	0.001740057
46.86	0.002817537
46.87	0.003743155
46.88	0.004391083
46.89	0.004767936
46.9	0.005331861
46.91	0.006451467
46.92	0.007939993
46.93	0.008533633
46.94	0.008300256
46.95	0.008611593
46.96	0.01096332
46.97	0.0146543
46.98	0.01663496
46.99	0.0167359
47	0.01633918
47.01	0.01621596
47.02	0.01658277
47.03	0.01716871
47.04	0.01737645
47.05	0.01705382
47.06	0.01663669
47.07	0.0166452
47.08	0.01654563
47.09	0.01478848
47.1	0.01116602
47.11	0.008018473
47.12	0.005828578
47.13	0.004209176
47.14	0.002822052
47.15	0.002066206
47.16	0.002259875
47.17	0.003060411
47.18	0.004333774
47.19	0.005661944
47.2	0.00698332
47.21	0.008126999
47.22	0.008578932
47.23	0.008623325
47.24	0.008837221
47.25	0.009247872
47.26	0.00929818
47.27	0.008958567
47.28	0.008648894
47.29	0.008056808
47.3	0.006855114
47.31	0.005635204
47.32	0.004834937
47.33	0.004330507
47.34	0.00368911
47.35	0.002995523
47.36	0.00241469
47.37	0.001715885
47.38	0.001023258
47.39	0.000450451
47.4	-0.000243968
47.41	-0.000914996
47.42	-0.001443887
47.43	-0.002177697
47.44	-0.003142131
47.45	-0.004126942
47.46	-0.004925078
47.47	-0.005513987
47.48	-0.005957867
47.49	-0.005835199
47.5	-0.00512569
47.51	-0.004621329
47.52	-0.00477893
47.53	-0.005040593
47.54	-0.005139827
47.55	-0.005343579
47.56	-0.005811164
47.57	-0.006348762
47.58	-0.006859499
47.59	-0.007110141
47.6	-0.007144493
47.61	-0.007089653
47.62	-0.006850294
47.63	-0.006393156
47.64	-0.005873009
47.65	-0.005146337
47.66	-0.004234661
47.67	-0.003192662
47.68	-0.001898552
47.69	-0.000451759
47.7	0.000589406
47.71	0.001127436
47.72	0.001479363
47.73	0.00163735
47.74	0.001913403
47.75	0.002675672
47.76	0.003702171
47.77	0.004489228
47.78	0.004735056
47.79	0.00467338
47.8	0.004622855
47.81	0.00469521
47.82	0.004761086
47.83	0.004454478
47.84	0.003480047
47.85	0.00227546
47.86	0.00144491
47.87	0.000661756
47.88	-0.000252473
47.89	-0.000992816
47.9	-0.001285491
47.91	-0.00129643
47.92	-0.001213626
47.93	-0.000960866
47.94	-0.00053979
47.95	-0.00020746
47.96	0.000149759
47.97	0.000510361
47.98	0.000280743
47.99	-0.000376709
48	-0.000706465
48.01	-0.001028682
48.02	-0.001494079
48.03	-0.001957498
48.04	-0.001960777
48.05	-0.001556686
48.06	-0.001254434
48.07	-0.000912764
48.08	-0.000224998
48.09	0.000480417
48.1	0.00081406
48.11	0.000912414
48.12	0.00086389
48.13	0.000306301
48.14	-0.000950326
48.15	-0.002216118
48.16	-0.002971859
48.17	-0.003232053
48.18	-0.003488411
48.19	-0.003887701
48.2	-0.003883443
48.21	-0.003455205
48.22	-0.00317357
48.23	-0.003113601
48.24	-0.002944893
48.25	-0.00250826
48.26	-0.001951137
48.27	-0.001193801
48.28	-0.000445878
48.29	8.29411E-05
48.3	0.000505558
48.31	0.000746184
48.32	0.001029963
48.33	0.001481011
48.34	0.001748285
48.35	0.001789554
48.36	0.001747382
48.37	0.001693579
48.38	0.001676737
48.39	0.001868558
48.4	0.002407116
48.41	0.003239091
48.42	0.004229579
48.43	0.004704248
48.44	0.004691774
48.45	0.004666868
48.46	0.004932688
48.47	0.005342839
48.48	0.005353855
48.49	0.005208702
48.5	0.005612016
48.51	0.006241585
48.52	0.006604546
48.53	0.006995042
48.54	0.007654238
48.55	0.00789093
48.56	0.007228215
48.57	0.00637512
48.58	0.005588639
48.59	0.004984768
48.6	0.004453041
48.61	0.00341129
48.62	0.001973981
48.63	0.000975193
48.64	0.000640976
48.65	0.00040423
48.66	2.62374E-05
48.67	1.74792E-05
48.68	0.000441793
48.69	0.000773606
48.7	0.000885671
48.71	0.000827443
48.72	0.000471476
48.73	-0.000201372
48.74	-0.000668901
48.75	-0.000773229
48.76	-0.001184247
48.77	-0.00181987
48.78	-0.00238967
48.79	-0.003148765
48.8	-0.004122214
48.81	-0.005110406
48.82	-0.005882755
48.83	-0.006401096
48.84	-0.006846303
48.85	-0.007061766
48.86	-0.007088719
48.87	-0.007083306
48.88	-0.007057199
48.89	-0.006866862
48.9	-0.006437075
48.91	-0.005843659
48.92	-0.004842969
48.93	-0.00368993
48.94	-0.002900903
48.95	-0.002114707
48.96	-0.001133497
48.97	-0.000203878
48.98	0.000270663
48.99	0.000458756
49	0.001167242
49.01	0.002414961
49.02	0.003978326
49.03	0.005027173
49.04	0.005540177
49.05	0.005671005
49.06	0.005639107
49.07	0.005643015
49.08	0.005678311
49.09	0.005541959
49.1	0.00500785
49.11	0.003953021
49.12	0.002456281
49.13	0.00140625
49.14	0.000860514
49.15	0.000689934
49.16	0.000742084
49.17	0.000974705
49.18	0.00140005
49.19	0.001914773
49.2	0.002761024
49.21	0.003806203
49.22	0.00448641
49.23	0.004273704
49.24	0.003569368
49.25	0.003188987
49.26	0.002686387
49.27	0.001849734
49.28	0.000834035
49.29	-0.000401969
49.3	-0.00189747
49.31	-0.003463214
49.32	-0.004962766
49.33	-0.005917261
49.34	-0.006183355
49.35	-0.006153302
49.36	-0.006076266
49.37	-0.005841081
49.38	-0.005376663
49.39	-0.004879206
49.4	-0.004340718
49.41	-0.003830021
49.42	-0.003352051
49.43	-0.003130771
49.44	-0.00311513
49.45	-0.003095761
49.46	-0.003062676
49.47	-0.003190384
49.48	-0.003685096
49.49	-0.004110816
49.5	-0.003707213
49.51	-0.003193099
49.52	-0.003000145
49.53	-0.003135805
49.54	-0.003468121
49.55	-0.004169422
49.56	-0.004919618
49.57	-0.005533262
49.58	-0.00621924
49.59	-0.00677036
49.6	-0.007075558
49.61	-0.007861896
49.62	-0.009489318
49.63	-0.01100548
49.64	-0.01209214
49.65	-0.0130361
49.66	-0.01396958
49.67	-0.01468636
49.68	-0.01493744
49.69	-0.0149011
49.7	-0.01481986
49.71	-0.01477425
49.72	-0.01477153
49.73	-0.01480643
49.74	-0.01481066
49.75	-0.01454587
49.76	-0.01380122
49.77	-0.01275602
49.78	-0.01165042
49.79	-0.01064679
49.8	-0.009956981
49.81	-0.009646036
49.82	-0.009333105
49.83	-0.008906677
49.84	-0.008881847
49.85	-0.009260724
49.86	-0.009506382
49.87	-0.00959592
49.88	-0.009797006
49.89	-0.009949102
49.9	-0.009509717
49.91	-0.008715112
49.92	-0.007860389
49.93	-0.006913774
49.94	-0.006170947
49.95	-0.005344052
49.96	-0.004324035
49.97	-0.003397613
49.98	-0.002925819
49.99	-0.002661561
50	-0.001721333
50.01	-0.000252339
50.02	0.00130598
50.03	0.00254491
50.04	0.00352139
50.05	0.004461858
50.06	0.005382634
50.07	0.006127154
50.08	0.006661295
50.09	0.007157366
50.1	0.007376619
50.11	0.007133206
50.12	0.006446131
50.13	0.005671825
50.14	0.004905394
50.15	0.003986644
50.16	0.003265627
50.17	0.00274543
50.18	0.002517019
50.19	0.00257978
50.2	0.00292146
50.21	0.003378954
50.22	0.003490824
50.23	0.003342345
50.24	0.003646331
50.25	0.004703978
50.26	0.005273182
50.27	0.005191188
50.28	0.005064269
50.29	0.004748618
50.3	0.004297931
50.31	0.003816834
50.32	0.003584473
50.33	0.003585047
50.34	0.00363385
50.35	0.003639117
50.36	0.003595103
50.37	0.003593453
50.38	0.003814526
50.39	0.004300775
50.4	0.004802358
50.41	0.005242907
50.42	0.005455825
50.43	0.005656584
50.44	0.006050454
50.45	0.006532277
50.46	0.007105052
50.47	0.007623475
50.48	0.007803234
50.49	0.007670984
50.5	0.008256732
50.51	0.008847476
50.52	0.008972978
50.53	0.008889096
50.54	0.008792798
50.55	0.008755116
50.56	0.008735269
50.57	0.008710958
50.58	0.008671608
50.59	0.008630781
50.6	0.008591089
50.61	0.008559817
50.62	0.008527175
50.63	0.008482919
50.64	0.00841173
50.65	0.008351286
50.66	0.008385411
50.67	0.008603111
50.68	0.008832979
50.69	0.008812485
50.7	0.009158282
50.71	0.01095909
50.72	0.01368834
50.73	0.01509044
50.74	0.01509416
50.75	0.0147466
50.76	0.01454171
50.77	0.01448746
50.78	0.01444128
50.79	0.01435507
50.8	0.01424316
50.81	0.01413548
50.82	0.01403463
50.83	0.01393694
50.84	0.01383521
50.85	0.01373139
50.86	0.0136251
50.87	0.01351912
50.88	0.01341179
50.89	0.01330474
50.9	0.01319542
50.91	0.0130841
50.92	0.01296888
50.93	0.01285635
50.94	0.01275045
50.95	0.01264929
50.96	0.01252543
50.97	0.01236334
50.98	0.01220486
50.99	0.01218225
51	0.01229922
51.01	0.01211379
51.02	0.010649
51.03	0.007897579
51.04	0.005820716
51.05	0.00500186
51.06	0.004932253
51.07	0.00501412
51.08	0.004901469
51.09	0.004472723
51.1	0.003965512
51.11	0.003719618
51.12	0.003323938
51.13	0.003375964
51.14	0.004010118
51.15	0.004400016
51.16	0.004375269
51.17	0.004209231
51.18	0.004115308
51.19	0.004131209
51.2	0.00408071
51.21	0.003578884
51.22	0.002496572
51.23	0.001436947
51.24	0.000833528
51.25	0.000620403
51.26	0.000195654
51.27	-0.000756295
51.28	-0.001720252
51.29	-0.002381305
51.3	-0.002988088
51.31	-0.003888861
51.32	-0.004764601
51.33	-0.005374497
51.34	-0.005956198
51.35	-0.006826496
51.36	-0.007661022
51.37	-0.008221472
51.38	-0.008753151
51.39	-0.009592631
51.4	-0.01043055
51.41	-0.01096186
51.42	-0.01123848
51.43	-0.01150348
51.44	-0.01176682
51.45	-0.01199867
51.46	-0.01209379
51.47	-0.01225914
51.48	-0.01266387
51.49	-0.01289943
51.5	-0.01267384
51.51	-0.01236831
51.52	-0.01220172
51.53	-0.01211458
51.54	-0.01204667
51.55	-0.01197322
51.56	-0.011867
51.57	-0.0116102
51.58	-0.01114826
51.59	-0.01055935
51.6	-0.009851229
51.61	-0.0091685
51.62	-0.008204147
51.63	-0.007094362
51.64	-0.006491547
51.65	-0.006044624
51.66	-0.005255664
51.67	-0.004432088
51.68	-0.003868916
51.69	-0.00348373
51.7	-0.002981984
51.71	-0.002510861
51.72	-0.002384343
51.73	-0.002526042
51.74	-0.002510518
51.75	-0.002061171
51.76	-0.001709823
51.77	-0.001658064
51.78	-0.001730835
51.79	-0.001748921
51.8	-0.00157423
51.81	-0.001261397
51.82	-0.00109195
51.83	-0.001089976
51.84	-0.001131771
51.85	-0.001145464
51.86	-0.001130772
51.87	-0.001140709
51.88	-0.001279006
51.89	-0.001560816
51.9	-0.001890079
51.91	-0.002352475
51.92	-0.002890444
51.93	-0.003339949
51.94	-0.003747557
51.95	-0.00425962
51.96	-0.004772658
51.97	-0.005369849
51.98	-0.006014802
51.99	-0.006628152
52	-0.006880994
52.01	-0.007092469
52.02	-0.007323823
52.03	-0.007390786
52.04	-0.007464957
52.05	-0.00773665
52.06	-0.008055661
52.07	-0.008273707
52.08	-0.008436519
52.09	-0.008427918
52.1	-0.008197262
52.11	-0.007809933
52.12	-0.007380063
52.13	-0.006853537
52.14	-0.006370864
52.15	-0.006124413
52.16	-0.006035034
52.17	-0.005974065
52.18	-0.005891986
52.19	-0.005785807
52.2	-0.005655445
52.21	-0.005536061
52.22	-0.00551343
52.23	-0.005672178
52.24	-0.005780318
52.25	-0.005463125
52.26	-0.005115475
52.27	-0.004960763
52.28	-0.004881195
52.29	-0.004720163
52.3	-0.004420657
52.31	-0.004029308
52.32	-0.003433534
52.33	-0.002795098
52.34	-0.002457486
52.35	-0.002289913
52.36	-0.002068431
52.37	-0.001776142
52.38	-0.001335821
52.39	-0.000831503
52.4	-0.000460315
52.41	-0.000308091
52.42	-0.000192241
52.43	2.40925E-05
52.44	0.000272894
52.45	0.000549605
52.46	0.000792284
52.47	0.000965225
52.48	0.00096467
52.49	0.000983947
52.5	0.001276425
52.51	0.001602949
52.52	0.001837718
52.53	0.00192228
52.54	0.001911162
52.55	0.001860696
52.56	0.00173484
52.57	0.001558118
52.58	0.001459357
52.59	0.00134281
52.6	0.001050072
52.61	0.000661704
52.62	0.000371417
52.63	0.000290142
52.64	0.000325071
52.65	0.000366532
52.66	0.000387909
52.67	0.00040501
52.68	0.000428193
52.69	0.000436196
52.7	0.000383349
52.71	0.000270286
52.72	0.000155819
52.73	-8.98789E-05
52.74	-0.000422512
52.75	-0.000499109
52.76	-0.000490326
52.77	-0.000551159
52.78	-0.000515746
52.79	-0.00033206
52.8	-9.77285E-05
52.81	0.000175747
52.82	0.000411959
52.83	0.000594385
52.84	0.000861801
52.85	0.001230385
52.86	0.001533436
52.87	0.001628599
52.88	0.001679486
52.89	0.001710004
52.9	0.001708341
52.91	0.001702975
52.92	0.001705642
52.93	0.001696621
52.94	0.001611546
52.95	0.001422121
52.96	0.001226793
52.97	0.001074759
52.98	0.000894757
52.99	0.000739399
53	0.000696751
53.01	0.000713515
53.02	0.000689355
53.03	0.000606409
53.04	0.000544651
53.05	0.000499628
53.06	0.000495211
53.07	0.000625117
53.08	0.000802762
53.09	0.000947155
53.1	0.001123224
53.11	0.00133973
53.12	0.001544742
53.13	0.001680653
53.14	0.001763153
53.15	0.001900636
53.16	0.002120949
53.17	0.002334946
53.18	0.002433621
53.19	0.002470369
53.2	0.002531166
53.21	0.002679502
53.22	0.002805318
53.23	0.002716352
53.24	0.002553447
53.25	0.002585269
53.26	0.002647074
53.27	0.002624571
53.28	0.002556341
53.29	0.002483567
53.3	0.002422537
53.31	0.00236708
53.32	0.002312467
53.33	0.002256836
53.34	0.002200738
53.35	0.002141756
53.36	0.002081775
53.37	0.002032446
53.38	0.002015055
53.39	0.002019363
53.4	0.0019932
53.41	0.001945885
53.42	0.001919297
53.43	0.001908495
53.44	0.001855153
53.45	0.001780396
53.46	0.001744286
53.47	0.001705363
53.48	0.001633712
53.49	0.00156034
53.5	0.001522889
53.51	0.001467294
53.52	0.001378309
53.53	0.001305816
53.54	0.001252404
53.55	0.001185292
53.56	0.00109893
53.57	0.00103185
53.58	0.000994352
53.59	0.000969661
53.6	0.000929276
53.61	0.000830523
53.62	0.000682269
53.63	0.000570956
53.64	0.000507701
53.65	0.000480315
53.66	0.00046776
53.67	0.000446823
53.68	0.00040613
53.69	0.000358892
53.7	0.000346598
53.71	0.00036253
53.72	0.000357685
53.73	0.000315153
53.74	0.000273449
53.75	0.000280985
53.76	0.000294092
53.77	0.000286943
53.78	0.000269849
53.79	0.000252441
53.8	0.000237007
53.81	0.000221679
53.82	0.000208577
53.83	0.000205928
53.84	0.000214979
53.85	0.000221553
53.86	0.000216212
53.87	0.000192111
53.88	0.000165545
53.89	0.000140075
53.9	0.000113995
53.91	9.58405E-05
53.92	7.639E-05
53.93	4.35701E-05
53.94	5.23462E-06
53.95	-2.2655E-05
53.96	-3.31083E-05
53.97	-3.59658E-05
53.98	-4.22898E-05
53.99	-5.03695E-05
54	-5.41969E-05
54.01	-6.14345E-05
54.02	-6.73041E-05
54.03	-6.89384E-05
54.04	-6.85859E-05
54.05	-6.79173E-05
54.06	-6.90364E-05
54.07	-7.43846E-05
54.08	-8.24785E-05
54.09	-8.65794E-05
54.1	-8.94801E-05
54.11	-9.52304E-05
54.12	-0.000101467
54.13	-0.000106773
54.14	-0.000106389
54.15	-9.94691E-05
54.16	-8.9948E-05
54.17	-8.3482E-05
54.18	-7.8293E-05
54.19	-7.20487E-05
54.2	-6.73683E-05
54.21	-6.32029E-05
54.22	-5.91333E-05
54.23	-5.83374E-05
54.24	-5.72058E-05
54.25	-5.14418E-05
54.26	-4.7465E-05
54.27	-4.70217E-05
54.28	-4.77442E-05
54.29	-4.86964E-05
54.3	-5.05517E-05
54.31	-5.31696E-05
54.32	-5.45751E-05
54.33	-5.56692E-05
54.34	-5.71785E-05
54.35	-5.72688E-05
54.36	-5.59896E-05
54.37	-5.46724E-05
54.38	-5.44287E-05
54.39	-5.49497E-05
54.4	-5.44633E-05
54.41	-5.28748E-05
54.42	-5.08487E-05
54.43	-4.856E-05
54.44	-4.64237E-05
54.45	-4.47136E-05
54.46	-4.21787E-05
54.47	-3.95467E-05
54.48	-3.77316E-05
54.49	-3.56747E-05
54.5	-3.27821E-05
54.51	-3.04235E-05
54.52	-2.9081E-05
54.53	-2.81535E-05
54.54	-2.75956E-05
54.55	-2.72214E-05
54.56	-2.68075E-05
54.57	-2.62878E-05
54.58	-2.565E-05
54.59	-2.48998E-05
54.6	-2.41006E-05
54.61	-2.34177E-05
54.62	-2.2932E-05
54.63	-2.24149E-05
54.64	-2.16449E-05
54.65	-2.05443E-05
54.66	-1.92055E-05
54.67	-1.78294E-05
54.68	-1.63768E-05
54.69	-1.47989E-05
54.7	-1.31741E-05
54.71	-1.14666E-05
54.72	-9.66307E-06
54.73	-7.89201E-06
54.74	-6.14677E-06
54.75	-4.27401E-06
54.76	-2.34236E-06
54.77	-3.97154E-07
54.78	1.54613E-06
54.79	3.47443E-06
54.8	5.38931E-06
54.81	7.29298E-06
54.82	9.1882E-06
54.83	1.10765E-05
54.84	1.296E-05
54.85	1.48399E-05
54.86	1.67166E-05
54.87	1.85905E-05
54.88	2.04652E-05
54.89	2.23463E-05
54.9	2.42328E-05
54.91	2.6123E-05
54.92	2.80172E-05
54.93	2.99167E-05
54.94	3.18226E-05
54.95	3.37358E-05
54.96	3.56569E-05
54.97	3.75866E-05
54.98	3.95252E-05
54.99	4.14733E-05
55	4.3431E-05
55.01	4.53983E-05
55.02	4.73753E-05
	
