0	0.000368336
0.02	0.000356253
0.04	0.000344345
0.06	0.000330169
0.08	0.000318734
0.1	0.000307516
0.12	0.000296463
0.14	0.000285623
0.16	0.000272456
0.18	0.000262068
0.2	0.000251837
0.22	0.00024181
0.24	0.000231936
0.26	0.000219774
0.28	0.000210331
0.3	0.000201084
0.32	-0.02516847
0.34	0.027639747
0.36	0.015585967
0.38	0.014562187
0.4	0.006466457
0.42	-0.00594426
0.44	-0.044067272
0.46	-0.00358906
0.48	0.042185446
0.5	0.059060978
0.52	-0.007054862
0.54	0.033186785
0.56	0.019377841
0.58	-0.07998363
0.6	-0.115215125
0.62	-0.057707091
0.64	0.012694479
0.66	0.044792042
0.68	-0.037518594
0.7	-0.026630127
0.72	0.031873975
0.74	-0.012484933
0.76	-0.029267407
0.78	-0.006192637
0.8	0.019196717
0.82	-0.032593489
0.84	-0.02866449
0.86	-0.026882567
0.88	-0.017526987
0.9	0.049350559
0.92	0.088694052
0.94	0.018924295
0.96	-0.058989987
0.98	-0.045854849
1	-0.004704694
1.02	0.053621884
1.04	0.098889217
1.06	0.109914937
1.08	0.088076665
1.1	-0.042417288
1.12	-0.044655142
1.14	-0.044014981
1.16	-0.038798118
1.18	0.027382366
1.2	0.097250833
1.22	0.031154851
1.24	-0.141873357
1.26	-0.162403732
1.28	-0.056386909
1.3	0.057389033
1.32	0.14717852
1.34	0.14242826
1.36	0.023132864
1.38	-0.084975815
1.4	-0.109144739
1.42	-0.019882109
1.44	0.084013287
1.46	0.176134172
1.48	0.053940568
1.5	-0.129526757
1.52	-0.131493736
1.54	-0.031896241
1.56	0.068319718
1.58	0.184777824
1.6	0.162471168
1.62	-0.015440551
1.64	-0.106436832
1.66	-0.159955286
1.68	-0.124410657
1.7	0.017066536
1.72	0.158538801
1.74	0.09398103
1.76	-0.104718786
1.78	-0.153924037
1.8	-0.110399795
1.82	-0.052254366
1.84	0.008864368
1.86	0.098940214
1.88	0.101103878
1.9	-0.029246651
1.92	-0.142683917
1.94	0.006538396
1.96	0.108857365
1.98	0.036361681
2	-0.117490248
2.02	-0.208504136
2.04	-0.12805412
2.06	0.003109034
2.08	0.125233849
2.1	0.121604666
2.12	0.068077809
2.14	0.007865791
2.16	-0.056734536
2.18	-0.077382904
2.2	-0.017678707
2.22	0.058105665
2.24	0.075120163
2.26	-0.040848905
2.28	-0.068589578
2.3	-0.031491113
2.32	0.033090428
2.34	0.034697471
2.36	-0.010172524
2.38	-0.011744502
2.4	-0.042162336
2.42	-0.035062606
2.44	0.031687576
2.46	0.079011049
2.48	0.082170036
2.5	0.047134715
2.52	-0.001496704
2.54	-0.050335997
2.56	-0.08564609
2.58	-0.031015253
2.6	0.032277037
2.62	0.05165508
2.64	0.074702608
2.66	0.070833456
2.68	0.016592845
2.7	-0.009030205
2.72	-0.007183034
2.74	0.003476274
2.76	0.040172707
2.78	0.069565945
2.8	0.028243725
2.82	-0.051587793
2.84	-0.072503086
2.86	-0.016630942
2.88	0.049120373
2.9	0.04068691
2.92	-0.005021277
2.94	-0.054075164
2.96	-0.021625512
2.98	0.033115882
3	0.09013234
3.02	-0.0294787
3.04	-0.050106737
3.06	0.010349432
3.08	0.0716398
3.1	0.039103607
3.12	0.033972781
3.14	0.064748285
3.16	0.0376859
3.18	-0.028594704
3.2	-0.013086888
3.22	-0.013037455
3.24	-0.014760843
3.26	0.004376447
3.28	0.030244652
3.3	-0.017268142
3.32	-0.029009618
3.34	0.041819109
3.36	0.079139542
3.38	-0.006261341
3.4	-0.06532651
3.42	0.042144946
3.44	0.043918824
3.46	-0.045687132
3.48	-0.043620024
3.5	-0.046407788
3.52	-0.046806238
3.54	0.011416127
3.56	0.073838703
3.58	0.018307448
3.6	-0.052183884
3.62	-0.023488992
3.64	-0.059877154
3.66	-0.06259315
3.68	-0.014218107
3.7	0.028042514
3.72	-0.003613155
3.74	0.022815798
3.76	0.050407524
3.78	0.029658647
3.8	-0.023916181
3.82	0.029754335
3.84	0.048707014
3.86	0.066251286
3.88	0.011685032
3.9	-0.074610086
3.92	-0.092138686
3.94	-0.029675984
3.96	0.002891381
3.98	-0.016070319
4	-0.016145851
4.02	0.020808834
4.04	0.057582346
4.06	0.109359119
4.08	0.080031939
4.1	-0.020936676
4.12	-0.103659873
4.14	-0.077404218
4.16	-0.014159897
4.18	0.038669123
4.2	0.07075705
4.22	0.092885206
4.24	0.103353239
4.26	0.106567478
4.28	0.08908794
4.3	0.095949888
4.32	0.104064178
4.34	0.073302731
4.36	0.045275062
4.38	0.056914058
4.4	0.07652411
4.42	0.081489482
4.44	0.033764338
4.46	0.048915164
4.48	0.028052669
4.5	-0.016263743
4.52	-0.074603262
4.54	-0.141186644
4.56	-0.122352268
4.58	-0.028251077
4.6	-0.033282201
4.62	-0.117785768
4.64	-0.218255287
4.66	-0.310312943
4.68	-0.281546232
4.7	-0.215275023
4.72	-0.139355563
4.74	-0.082306535
4.76	-0.060522408
4.78	-0.050834215
4.8	-0.038371236
4.82	-0.029344117
4.84	-0.031991714
4.86	-0.097945219
4.88	-0.168808002
4.9	-0.243127617
4.92	-0.224112107
4.94	-0.128499135
4.96	-0.02396845
4.98	0.066544088
5	0.151829436
5.02	0.197505264
5.04	0.140173227
5.06	0.060521421
5.08	-0.007952887
5.1	-0.071932113
5.12	-0.087893345
5.14	-0.059165412
5.16	-0.034361762
5.18	-0.045847912
5.2	-0.048050708
5.22	-0.009326449
5.24	-0.027121409
5.26	-0.093527931
5.28	-0.115624552
5.3	-0.12325199
5.32	-0.084646985
5.34	-0.028732128
5.36	0.031494703
5.38	0.086718617
5.4	0.091186127
5.42	0.068829694
5.44	0.039568269
5.46	0.038869757
5.48	0.085111956
5.5	0.1402094
5.52	0.163292564
5.54	0.13278775
5.56	0.103719606
5.58	0.098607732
5.6	0.140540393
5.62	0.123218754
5.64	0.003183964
5.66	-0.107909063
5.68	-0.046444012
5.7	0.02092186
5.72	0.074440775
5.74	0.058988846
5.76	-0.020408968
5.78	-0.027995128
5.8	0.030115309
5.82	0.072889454
5.84	0.108418859
5.86	0.134627884
5.88	0.146480293
5.9	0.130990263
5.92	0.126838269
5.94	0.102205028
5.96	0.049151647
5.98	-0.001454568
6	0.012975466
6.02	0.043669076
6.04	0.083489991
6.06	0.068719802
6.08	0.030296614
6.1	0.065120069
6.12	0.116028768
6.14	0.170805415
6.16	0.226510352
6.18	0.239454957
6.2	0.165369822
6.22	0.141007115
6.24	0.175426662
6.26	0.183521939
6.28	0.06318211
6.3	-0.110383745
6.32	-0.19536419
6.34	-0.152983098
6.36	-0.11316179
6.38	-0.17247471
6.4	-0.26858425
6.42	-0.219947054
6.44	-0.113926324
6.46	0.032592268
6.48	0.219000613
6.5	0.303650438
6.52	0.217261823
6.54	0.111465845
6.56	-0.009739054
6.58	-0.115118293
6.6	-0.231742078
6.62	-0.278302813
6.64	-0.233936528
6.66	-0.178721907
6.68	-0.117584725
6.7	-0.057358177
6.72	0.027335827
6.74	0.110282674
6.76	0.193794705
6.78	0.152760327
6.8	0.032070734
6.82	-0.10402325
6.84	-0.173278425
6.86	-0.081456239
6.88	0.029511721
6.9	0.161464731
6.92	0.164301203
6.94	0.049775902
6.96	-0.070964455
6.98	-0.176113673
7	-0.19788518
7.02	-0.187159553
7.04	-0.283947951
7.06	-0.339438715
7.08	-0.244073065
7.1	-0.019287752
7.12	0.231740376
7.14	0.212801726
7.16	0.095208869
7.18	0.174344272
7.2	0.253383914
7.22	0.183387952
7.24	0.052159755
7.26	-0.050524708
7.28	-0.137687961
7.3	-0.248604991
7.32	-0.287580308
7.34	-0.191248731
7.36	-0.078642568
7.38	0.014631933
7.4	0.073703241
7.42	0.009087233
7.44	-0.074997897
7.46	-0.136806681
7.48	-0.109294762
7.5	0.103273597
7.52	0.12177259
7.54	-0.04300178
7.56	-0.245534367
7.58	-0.399558858
7.6	-0.381759366
7.62	-0.324015041
7.64	-0.254503781
7.66	-0.19141663
7.68	-0.13328889
7.7	-0.07773323
7.72	-0.02390619
7.74	0.06877139
7.76	0.143482617
7.78	0.175376508
7.8	0.192980994
7.82	0.141435572
7.84	0.071466592
7.86	-0.000339538
7.88	-0.072851378
7.9	-0.118385995
7.92	-0.073097699
7.94	-0.009198706
7.96	0.038455989
7.98	0.077196078
8	0.123034259
8.02	0.175944303
8.04	0.18142262
8.06	0.193218886
8.08	0.182986043
8.1	0.117953407
8.12	0.064863639
8.14	-0.059845361
8.16	-0.212182209
8.18	-0.16066228
8.2	-0.061757181
8.22	-0.031199678
8.24	-0.080210223
8.26	-0.068006208
8.28	0.032372563
8.3	0.139376253
8.32	0.261380571
8.34	0.272025335
8.36	0.116842202
8.38	-0.046840025
8.4	-0.221421733
8.42	-0.232262858
8.44	-0.14243073
8.46	-0.036416142
8.48	0.067737283
8.5	0.170256795
8.52	0.262294259
8.54	0.210206467
8.56	0.044061023
8.58	-0.121064404
8.6	-0.284069405
8.62	-0.179446901
8.64	0.086261747
8.66	0.329377852
8.68	0.225674815
8.7	0.000655207
8.72	-0.239383385
8.74	-0.375448327
8.76	-0.187852113
8.78	0.024205502
8.8	0.112515447
8.82	0.177101533
8.84	0.212399446
8.86	0.249973696
8.88	0.230439513
8.9	0.082303178
8.92	-0.001215161
8.94	0.078983945
8.96	0.08531672
8.98	0.004131652
9	-0.001623437
9.02	0.059736295
9.04	0.126718225
9.06	0.20006557
9.08	0.237487714
9.1	0.177685013
9.12	0.096151399
9.14	0.009821481
9.16	-0.005234671
9.18	0.013903237
9.2	-0.027921161
9.22	-0.087939786
9.24	-0.055919758
9.26	0.043288269
9.28	0.150955243
9.3	0.231956781
9.32	0.147930986
9.34	0.008179001
9.36	-0.118928113
9.38	-0.209943955
9.4	-0.219521595
9.42	-0.137405957
9.44	-0.048718371
9.46	0.041414041
9.48	0.133959566
9.5	0.173204244
9.52	0.146692937
9.54	0.169113532
9.56	0.207481756
9.58	0.157730303
9.6	0.032424954
9.62	-0.135549535
9.64	-0.293187555
9.66	-0.281782818
9.68	-0.29567839
9.7	-0.246110806
9.72	-0.083863437
9.74	0.097248694
9.76	0.269699914
9.78	0.280689026
9.8	0.209788358
9.82	0.121251929
9.84	0.079406885
9.86	0.114916799
9.88	0.165217707
9.9	0.17725167
9.92	0.069372739
9.94	-0.059446695
9.96	-0.222598855
9.98	-0.310155734
10	-0.304663021
10.02	-0.288069045
10.04	-0.24190481
10.06	-0.191050142
10.08	-0.123956812
10.1	-0.059250796
10.12	0.011286854
10.14	0.072154608
10.16	0.177197244
10.18	0.202646129
10.2	0.034191917
10.22	-0.181620882
10.24	-0.226765391
10.26	-0.123267651
10.28	-0.005013807
10.3	0.073123873
10.32	0.017868481
10.34	-0.00572012
10.36	0.048581952
10.38	0.121108903
10.4	0.19911959
10.42	0.244543437
10.44	0.159057593
10.46	0.029291585
10.48	-0.064059101
10.5	-0.06513051
10.52	-0.061031581
10.54	-0.031457674
10.56	0.013690879
10.58	0.060124234
10.6	0.103024517
10.62	0.076481123
10.64	0.00842998
10.66	-0.064824089
10.68	-0.131844461
10.7	-0.14569417
10.72	-0.129823145
10.74	-0.144110338
10.76	-0.185723841
10.78	-0.214266569
10.8	-0.154753638
10.82	-0.072512186
10.84	0.001055806
10.86	-0.030750904
10.88	-0.006958173
10.9	0.038864258
10.92	0.102999848
10.94	0.084838111
10.96	-0.016444637
10.98	-0.12360416
11	-0.135152798
11.02	-0.067917395
11.04	-0.002031241
11.06	0.079456292
11.08	0.091852606
11.1	-0.035458361
11.12	-0.195894191
11.14	-0.196113933
11.16	-0.081308302
11.18	0.049335765
11.2	0.154457876
11.22	0.210936539
11.24	0.251304105
11.26	0.291983222
11.28	0.160543376
11.3	-0.0907842
11.32	-0.288015214
11.34	-0.364127243
11.36	-0.326726339
11.38	-0.2820173
11.4	-0.228683515
11.42	-0.182552357
11.44	-0.122057119
11.46	-0.031011636
11.48	0.067542465
11.5	0.133687295
11.52	0.058177922
11.54	-0.040814728
11.56	-0.165463035
11.58	-0.187878291
11.6	-0.096826011
11.62	0.008049733
11.64	0.0935957
11.66	0.158297914
11.68	0.217570264
11.7	0.274025424
11.72	0.260075585
11.74	0.185543096
11.76	0.107269998
11.78	0.01672719
11.8	-0.016847289
11.82	0.018101213
11.84	0.068430888
11.86	0.100585114
11.88	0.04824165
11.9	-0.053190619
11.92	-0.047812124
11.94	0.002785046
11.96	-0.084411927
11.98	-0.172834998
12	-0.28058974
12.02	-0.271386532
12.04	-0.186465226
12.06	-0.088749118
12.08	0.006916726
12.1	0.101486423
12.12	0.181829131
12.14	0.236880151
12.16	0.284999365
12.18	0.330869219
12.2	0.365738266
12.22	0.308205972
12.24	0.22070235
12.26	0.126738858
12.28	-0.02255656
12.3	-0.147021235
12.32	-0.118234135
12.34	-0.059153474
12.36	0.013546467
12.38	-0.037870253
12.4	-0.136020136
12.42	-0.078797379
12.44	0.02965376
12.46	0.14774068
12.48	0.24117133
12.5	0.195740632
12.52	0.106303245
12.54	0.018648758
12.56	0.029453933
12.58	0.050001802
12.6	0.029304264
12.62	0.013285014
12.64	-0.051398853
12.66	-0.089656619
12.68	-0.056862918
12.7	-0.022347108
12.72	0.012363658
12.74	0.030945705
12.76	-0.016997933
12.78	-0.096141291
12.8	-0.169857607
12.82	-0.144514627
12.84	-0.051155101
12.86	0.044506222
12.88	0.136068175
12.9	0.109172778
12.92	0.018447948
12.94	-0.066860151
12.96	-0.067940164
12.98	-0.028658717
13	-0.0291507
13.02	-0.078594793
13.04	-0.032791361
13.06	0.055392308
13.08	0.086960563
13.1	0.026129797
13.12	-0.042868491
13.14	-0.118523107
13.16	-0.182518723
13.18	-0.16144864
13.2	-0.090479085
13.22	-0.017215707
13.24	0.046611525
13.26	0.103253938
13.28	0.102496621
13.3	0.062880978
13.32	0.007290691
13.34	-0.094218371
13.36	-0.196935099
13.38	-0.265320129
13.4	-0.316616096
13.42	-0.302207279
13.44	-0.264233459
13.46	-0.217224373
13.48	-0.179950757
13.5	-0.104755332
13.52	0.0322652
13.54	0.192212215
13.56	0.282510727
13.58	0.268020655
13.6	0.241463332
13.62	0.197350057
13.64	0.17158101
13.66	0.178733783
13.68	0.20080625
13.7	0.142905002
13.72	0.015813497
13.74	-0.068154793
13.76	-0.127030029
13.78	-0.129190899
13.8	-0.110382522
13.82	-0.091901703
13.84	-0.11274106
13.86	-0.169902795
13.88	-0.16854165
13.9	-0.105028657
13.92	-0.096989091
13.94	-0.098822254
13.96	-0.08554546
13.98	-0.048079461
14	-0.005927544
14.02	0.043716985
14.04	0.122458263
14.06	0.232038715
14.08	0.2702806
14.1	0.228241037
14.12	0.176568417
14.14	0.093720165
14.16	0.062732079
14.18	0.102932044
14.2	0.099960926
14.22	0.023201549
14.24	-0.0764222
14.26	-0.113224473
14.28	-0.070379668
14.3	-0.030184955
14.32	-0.045004641
14.34	-0.088010157
14.36	-0.115601152
14.38	-0.100680492
14.4	-0.073218309
14.42	-0.046129768
14.44	-0.027719916
14.46	-0.012453944
14.48	0.002354893
14.5	0.015389727
14.52	0.031073422
14.54	0.032762124
14.56	0.0006823
14.58	-0.042057353
14.6	-0.04785508
14.62	-0.019485201
14.64	0.0343866
14.66	0.109038774
14.68	0.175170686
14.7	0.134559102
14.72	0.032324094
14.74	-0.074013214
14.76	-0.172532151
14.78	-0.1645906
14.8	-0.104538591
14.82	-0.054265562
14.84	-0.092793914
14.86	-0.156684965
14.88	-0.133942543
14.9	-0.051533129
14.92	0.033100479
14.94	0.122054924
14.96	0.201260045
14.98	0.285885955
15	0.243396788
15.02	0.059080617
15.04	-0.02797875
15.06	-0.017140139
15.08	0.009366752
15.1	0.000239643
15.12	-0.037218491
15.14	-0.05166972
15.16	-0.046824682
15.18	-0.041891461
15.2	-0.010936714
15.22	0.044602911
15.24	0.079088467
15.26	0.048223212
15.28	0.065279651
15.3	0.131426856
15.32	0.20376862
15.34	0.152408591
15.36	0.017952333
15.38	-0.131733685
15.4	-0.214860331
15.42	-0.14609687
15.44	-0.051800127
15.46	0.053140324
15.48	0.150637946
15.5	0.23701226
15.52	0.149065371
15.54	-0.037095287
15.56	-0.169006173
15.58	-0.222290841
15.6	-0.27066619
15.62	-0.289214085
15.64	-0.281357784
15.66	-0.253095178
15.68	-0.206806099
15.7	-0.157113257
15.72	-0.109154538
15.74	-0.055103894
15.76	0.000568141
15.78	0.057455861
15.8	0.103897501
15.82	0.131511463
15.84	0.153133478
15.86	0.172934303
15.88	0.197113933
15.9	0.226973033
15.92	0.257814151
15.94	0.272273429
15.96	0.20957013
15.98	0.125153205
16	0.044957692
16.02	0.044895877
16.04	0.076548532
16.06	0.112421864
16.08	0.149904373
16.1	0.158666815
16.12	0.107750382
16.14	0.053052196
16.16	-0.010779452
16.18	-0.020599899
16.2	0.006970985
16.22	-0.044760697
16.24	-0.135088652
16.26	-0.156786567
16.28	-0.169294361
16.3	-0.139761918
16.32	-0.053246545
16.34	0.038068914
16.36	0.10717424
16.38	0.081890921
16.4	0.036368093
16.42	0.037396482
16.44	0.069094457
16.46	0.104000183
16.48	0.1253314
16.5	0.078659335
16.52	0.010658043
16.54	-0.040991928
16.56	-0.0325924
16.58	-0.015354628
16.6	-0.045298459
16.62	-0.097372258
16.64	-0.15021816
16.66	-0.202836803
16.68	-0.264519691
16.7	-0.299002727
16.72	-0.318736032
16.74	-0.309547013
16.76	-0.230455245
16.78	-0.131009482
16.8	-0.037446841
16.82	0.082495722
16.84	0.16305901
16.86	0.14351571
16.88	0.14612314
16.9	0.149805605
16.92	0.133039541
16.94	0.047728948
16.96	0.015397616
16.98	0.03555118
17	0.063949971
17.02	0.086543589
17.04	0.105859546
17.06	0.125476859
17.08	0.130731448
17.1	0.104773537
17.12	0.073542459
17.14	0.040709314
17.16	0.008692077
17.18	-0.022841952
17.2	-0.054327533
17.22	-0.09266277
17.24	-0.138303122
17.26	-0.170509759
17.28	-0.193439266
17.3	-0.169910231
17.32	-0.145240669
17.34	-0.078970602
17.36	0.020997762
17.38	0.138737757
17.4	0.123813055
17.42	-0.01449492
17.44	-0.176440367
17.46	-0.242052306
17.48	-0.149154203
17.5	-0.046526436
17.52	0.068066502
17.54	0.095706637
17.56	0.072225798
17.58	0.040559958
17.6	0.005365227
17.62	-0.002603941
17.64	0.028525407
17.66	0.063422077
17.68	0.100996687
17.7	0.149955785
17.72	0.200076487
17.74	0.255796048
17.76	0.270049574
17.78	0.180697766
17.8	0.081741508
17.82	0.025969534
17.84	0.008281222
17.86	-0.00811464
17.88	0.009528027
17.9	0.046089899
17.92	0.082486774
17.94	0.125236045
17.96	0.098596848
17.98	-0.042155028
18	-0.148388185
18.02	-0.201691526
18.04	-0.248069761
18.06	-0.316435944
18.08	-0.393049443
18.1	-0.45052459
18.12	-0.357259775
18.14	-0.206990691
18.16	-0.03860558
18.18	0.159587603
18.2	0.237208575
18.22	0.141746216
18.24	0.03537372
18.26	-0.069381758
18.28	-0.129091
18.3	-0.100093639
18.32	-0.090457948
18.34	-0.078827186
18.36	-0.036811415
18.38	0.003339262
18.4	0.047297646
18.42	0.071275109
18.44	0.081034174
18.46	0.085084183
18.48	0.067433384
18.5	0.049282897
18.52	0.058352649
18.54	0.078739963
18.56	0.094909674
18.58	0.11707485
18.6	0.087013031
18.62	-0.011386102
18.64	-0.114432641
18.66	-0.193575261
18.68	-0.127244102
18.7	-0.027762141
18.72	0.085800036
18.74	0.177621978
18.76	0.253984752
18.78	0.32112919
18.8	0.37150484
18.82	0.235407457
18.84	0.053892648
18.86	-0.097464926
18.88	-0.185026398
18.9	-0.220230483
18.92	-0.145110996
18.94	-0.022906681
18.96	0.099694051
18.98	0.211160114
19	0.288500899
19.02	0.350742667
19.04	0.383411716
19.06	0.275316845
19.08	0.137858636
19.1	-0.008188308
19.12	-0.091433106
19.14	-0.079647067
19.16	-0.045625058
19.18	-0.019799813
19.2	-0.037395069
19.22	-0.071925444
19.24	-0.11974989
19.26	-0.164720716
19.28	-0.214732982
19.3	-0.224492569
19.32	-0.152647195
19.34	-0.066072785
19.36	0.023843997
19.38	0.111075802
19.4	0.177943388
19.42	0.118272075
19.44	0.023448986
19.46	-0.075952948
19.48	-0.135063975
19.5	-0.120698715
19.52	-0.094293083
19.54	-0.063636021
19.56	0.00411735
19.58	0.071948449
19.6	0.131978861
19.62	0.181359445
19.64	0.216124099
19.66	0.237715871
19.68	0.190269562
19.7	0.118112351
19.72	0.055330712
19.74	-0.008011596
19.76	-0.086290829
19.78	-0.176217736
19.8	-0.229919435
19.82	-0.255919361
19.84	-0.28980733
19.86	-0.360001517
19.88	-0.430011061
19.9	-0.524423903
19.92	-0.619045665
19.94	-0.662105791
19.96	-0.456897252
19.98	-0.214196707
20	0.173719348
20.02	0.37378092
20.04	0.435064132
20.06	0.488311284
20.08	0.476691693
20.1	0.390383982
20.12	0.301334643
20.14	0.206124522
20.16	0.098159378
20.18	-0.032240778
20.2	-0.092980584
20.22	-0.128886393
20.24	-0.182330889
20.26	-0.210114264
20.28	-0.133924758
20.3	-0.044393918
20.32	0.057735837
20.34	0.113430981
20.36	0.136070265
20.38	0.136855996
20.4	0.111679678
20.42	0.086750617
20.44	0.063338729
20.46	0.013009442
20.48	-0.045088721
20.5	-0.10153699
20.52	-0.133541789
20.54	-0.151505545
20.56	-0.138377054
20.58	-0.094398395
20.6	-0.037845437
20.62	0.016400147
20.64	0.048083979
20.66	0.073404232
20.68	0.072756439
20.7	0.035324677
20.72	-0.000411994
20.74	-0.052740336
20.76	-0.123137043
20.78	-0.189410836
20.8	-0.16899633
20.82	-0.106025448
20.84	-0.041231097
20.86	0.028095499
20.88	0.064229074
20.9	0.051488588
20.92	0.0307658
20.94	0.024907218
20.96	0.041032257
20.98	0.057894101
21	0.067331475
21.02	0.048033471
21.04	0.025526809
21.06	0.001458749
21.08	0.00707538
21.1	0.025956831
21.12	0.048269193
21.14	0.072635226
21.16	0.098450258
21.18	0.122378118
21.2	0.144190197
21.22	0.130742622
21.24	0.103955867
21.26	0.078748419
21.28	0.063430582
21.3	0.067351141
21.32	0.075664104
21.34	0.073022308
21.36	0.061792702
21.38	0.050139135
21.4	0.038316455
21.42	0.027872884
21.44	0.019768588
21.46	0.011414682
21.48	0.004325538
21.5	-0.003799487
21.52	-0.010149034
21.54	-0.012227136
21.56	0.021766235
21.58	0.018391537
21.6	-0.044494248
21.62	-0.115974857
21.64	-0.17926117
21.66	-0.180300812
21.68	-0.160424234
21.7	-0.149211407
21.72	-0.156552537
21.74	-0.16077325
21.76	-0.129783984
21.78	-0.082466916
21.8	-0.035375724
21.82	0.009972426
21.84	0.050040018
21.86	0.090320464
21.88	0.123918014
21.9	0.151812123
21.92	0.170094532
21.94	0.160820428
21.96	0.14541296
21.98	0.141592609
22	0.148965446
22.02	0.133204611
22.04	0.064361609
22.06	-0.006601457
22.08	-0.067166675
22.1	-0.119900038
22.12	-0.164284435
22.14	-0.14551897
22.16	-0.101927158
22.18	-0.065010454
22.2	-0.030528639
22.22	0.001340597
22.24	0.031918524
22.26	0.044758129
22.28	0.053345851
22.3	0.067723617
22.32	0.084633961
22.34	0.100199024
22.36	0.117227157
22.38	0.106004388
22.4	0.06540304
22.42	0.028871395
22.44	0.025956857
22.46	0.034537111
22.48	0.021508478
22.5	-0.010637936
22.52	-0.036680408
22.54	-0.055771746
22.56	-0.072961902
22.58	-0.100968235
22.6	-0.108498592
22.62	-0.089347056
22.64	-0.067989754
22.66	-0.044996318
22.68	-0.024759844
22.7	-0.040919301
22.72	-0.094837555
22.74	-0.115512197
22.76	-0.088546928
22.78	-0.054536187
22.8	-0.020082294
22.82	-0.000164582
22.84	0.016060573
22.86	0.028463784
22.88	0.020149771
22.9	0.002977392
22.92	-0.015172867
22.94	-0.032467137
22.96	-0.049954775
22.98	-0.065827518
23	-0.082426503
23.02	-0.080433204
23.04	-0.059699603
23.06	-0.037058597
23.08	-0.01792484
23.1	-0.006239026
23.12	0.005069572
23.14	0.012214883
23.16	0.016583683
23.18	0.02029985
23.2	0.02236133
23.22	0.02054881
23.24	0.017005946
23.26	0.016873276
23.28	0.024335594
23.3	0.033079165
23.32	0.036187875
23.34	0.017377059
23.36	-0.003886323
23.38	-0.029269437
23.4	-0.037592622
23.42	-0.027102612
23.44	-0.012635895
23.46	0.006455087
23.48	0.02643988
23.5	0.038164586
23.52	0.03274867
23.54	0.026738308
23.56	0.027239794
23.58	0.031525426
23.6	0.035143316
23.62	0.040152866
23.64	0.038632776
23.66	0.029541551
23.68	0.019707361
23.7	0.009173298
23.72	0.003023088
23.74	0.013563858
23.76	0.027044121
23.78	0.043633817
23.8	0.045709253
23.82	0.024619456
23.84	0.002414502
23.86	-0.015515709
23.88	-0.029569634
23.9	-0.04593639
23.92	-0.053391527
23.94	-0.04585827
23.96	-0.035003032
23.98	-0.029795071
24	-0.035909501
24.02	-0.04230415
24.04	-0.049743713
24.06	-0.041947787
24.08	-0.023225507
24.1	-0.001537613
24.12	0.024767797
24.14	0.04489356
24.16	0.059015194
24.18	0.0632755
24.2	0.053659078
24.22	0.042814741
24.24	0.023666914
24.26	-0.00577326
24.28	-0.025389766
24.3	-0.020765068
24.32	-0.010454754
24.34	0.001817919
24.36	0.011149948
24.38	0.000909175
24.4	-0.016871032
24.42	-0.030508545
24.44	-0.021887579
24.46	-0.008706493
24.48	-1.33473E-05
24.5	0.00612537
24.52	0.019157933
24.54	0.033034921
24.56	0.044917571
24.58	0.044989973
24.6	0.028541987
24.62	0.010333335
24.64	-0.0093269
24.66	-0.019972156
24.68	-0.015813792
24.7	-0.012027147
24.72	-0.012423996
24.74	-0.016342319
24.76	-0.019374553
24.78	-0.027867473
24.8	-0.018075797
24.82	0.009932436
24.84	0.039812447
24.86	0.049439441
24.88	0.040716398
24.9	0.032261924
24.92	0.024305852
24.94	0.02091497
24.96	0.029026884
24.98	0.03661553
25	0.038347541
25.02	0.039505533
25.04	0.044654312
25.06	0.056972086
25.08	0.053129839
25.1	0.032396187
25.12	0.013319597
25.14	0.010074601
25.16	0.013005904
25.18	0.01685423
25.2	0.020050578
25.22	0.024153894
25.24	0.023028557
25.26	0.012801088
25.28	0.00136502
25.3	-0.010710184
25.32	-0.020119028
25.34	-0.025151319
25.36	-0.029511368
25.38	-0.044107579
25.4	-0.062279466
25.42	-0.068917047
25.44	-0.070752107
25.46	-0.073242954
25.48	-0.082978586
25.5	-0.096915559
25.52	-0.086773813
25.54	-0.054331759
25.56	-0.021147475
25.58	0.013271938
25.6	0.043013117
25.62	0.063663301
25.64	0.078026921
25.66	0.093667517
25.68	0.072731878
25.7	0.021245647
25.72	-0.036460085
25.74	-0.094304344
25.76	-0.110421232
25.78	-0.102113027
25.8	-0.095548066
25.82	-0.081530088
25.84	-0.079337297
25.86	-0.018583843
25.88	0.038184388
25.9	0.052780393
25.92	0.063829963
25.94	0.071455421
25.96	0.068133486
25.98	0.039026558
26	0.007785554
26.02	-0.020158308
26.04	-0.042124006
26.06	-0.058785734
26.08	-0.070318088
26.1	-0.082450252
26.12	-0.084768032
26.14	-0.067173414
26.16	-0.046570271
26.18	-0.027103631
26.2	-0.016623512
26.22	-0.008748156
26.24	-0.005691382
26.26	-0.010074911
26.28	-0.016092881
26.3	-0.01656945
26.32	-0.010940825
26.34	-0.01105779
26.36	-0.018272258
26.38	-0.028018553
26.4	-0.029833356
26.42	-0.015331041
26.44	0.002510458
26.46	0.021559513
26.48	0.043786225
26.5	0.063502864
26.52	0.069108149
26.54	0.070697573
26.56	0.069914168
26.58	0.053655403
26.6	0.0307901
26.62	0.011443314
26.64	0.015280644
26.66	0.025844249
26.68	0.032495411
26.7	0.03664098
26.72	0.041388457
26.74	0.042163736
26.76	0.035781837
26.78	0.027315335
26.8	0.019354653
26.82	0.01367693
26.84	0.008927245
26.86	0.006872332
26.88	0.013747838
26.9	0.023191494
26.92	0.033071759
26.94	0.04313036
26.96	0.047758641
26.98	0.035738247
27	0.0200168
27.02	0.003532601
27.04	-0.011414423
27.06	-0.025358036
27.08	-0.034789873
27.1	-0.043132348
27.12	-0.045608717
27.14	-0.043154934
27.16	-0.040260444
27.18	-0.036922377
27.2	-0.03368277
27.22	-0.021895532
27.24	-0.001101953
27.26	0.016746909
27.28	0.033748967
27.3	0.040302072
27.32	0.035964607
27.34	0.029725465
27.36	0.011488919
27.38	-0.01021129
27.4	-0.014476197
27.42	-0.007684159
27.44	-0.000607852
27.46	0.00802513
27.48	0.009010143
27.5	7.83291E-05
27.52	-0.010096321
27.54	-0.020436754
27.56	-0.030186527
27.58	-0.040356288
27.6	-0.046888799
27.62	-0.035932152
27.64	-0.020247696
27.66	-0.017220594
27.68	-0.024938769
27.7	-0.020469337
27.72	-0.006500717
27.74	0.006521389
27.76	0.006940345
27.78	0.004560773
27.8	0.000472431
27.82	-0.002965309
27.84	-0.014161068
27.86	-0.024976784
27.88	-0.038733219
27.9	-0.033504794
27.92	-0.009156742
27.94	0.01746224
27.96	0.044473723
27.98	0.067807778
28	0.065239809
28.02	0.052078095
28.04	0.037277286
28.06	0.027760133
28.08	0.021573462
28.1	0.015330551
28.12	0.004705503
28.14	-0.00531604
28.16	-0.011468266
28.18	-0.016139823
28.2	-0.016855259
28.22	-0.007639013
28.24	0.00457285
28.26	0.029836247
28.28	0.053503059
28.3	0.069787645
28.32	0.080682136
28.34	0.079270978
28.36	0.067963221
28.38	0.05166578
28.4	0.025966729
28.42	-0.00043268
28.44	-0.021673903
28.46	-0.024209748
28.48	-0.022855286
28.5	-0.020003078
28.52	-0.01825744
28.54	-0.026191109
28.56	-0.039946835
28.58	-0.0534866
28.6	-0.06479276
28.62	-0.075189244
28.64	-0.083946762
28.66	-0.094653405
28.68	-0.088229872
28.7	-0.057107119
28.72	-0.023158341
28.74	0.017064903
28.76	0.035182306
28.78	0.047881106
28.8	0.049745104
28.82	0.02819581
28.84	0.000727985
28.86	-0.028126896
28.88	-0.048941139
28.9	-0.04799834
28.92	-0.042248239
28.94	-0.030313888
28.96	-0.008100071
28.98	0.00858639
29	0.014838048
29.02	0.014291134
29.04	0.005127383
29.06	-0.004495844
29.08	-0.013555117
29.1	-0.007345751
29.12	0.004495523
29.14	0.017224819
29.16	0.02775903
29.18	0.035408067
29.2	0.042531854
29.22	0.040282297
29.24	0.030469699
29.26	0.020204144
29.28	0.009747986
29.3	-0.001385882
29.32	-0.01520452
29.34	-0.02653779
29.36	-0.031912179
29.38	-0.033795482
29.4	-0.030023569
29.42	-0.024577255
29.44	-0.019040662
29.46	-0.007330394
29.48	0.00831572
29.5	0.023965755
29.52	0.036558505
29.54	0.041122666
29.56	0.044498684
29.58	0.041660083
29.6	0.035591895
29.62	0.024633991
29.64	0.008178879
29.66	-0.001402681
29.68	0.005551043
29.7	0.01684683
29.72	0.028525706
29.74	0.03956328
29.76	0.040330513
29.78	0.033699062
29.8	0.026243275
29.82	0.018513326
29.84	0.008986909
29.86	-0.000991726
29.88	-0.01191985
29.9	-0.015386827
29.92	-0.000732699
29.94	0.015229719
29.96	0.026098258
29.98	0.032292793
30	0.035981879
30.02	0.036238791
30.04	0.031138303
30.06	0.023904638
30.08	0.012574787
30.1	-0.001941768
30.12	-0.016756677
30.14	-0.034632546
30.16	-0.038985203
30.18	-0.024912684
30.2	-0.008497849
30.22	0.008661591
30.24	0.024494381
30.26	0.025607768
30.28	0.016010389
30.3	0.005702433
30.32	-0.004787478
30.34	-0.014932748
30.36	-0.017394735
30.38	-0.014692285
30.4	-0.011314365
30.42	-0.009559107
30.44	-0.012931636
30.46	-0.017961773
30.48	-0.022318504
30.5	-0.029308753
30.52	-0.038853748
30.54	-0.049081109
30.56	-0.048811141
30.58	-0.042180208
30.6	-0.028899944
30.62	-0.005629971
30.64	0.003446947
30.66	0.00918724
30.68	0.013214371
30.7	0.013303717
30.72	0.000695496
30.74	-0.005665422
30.76	-0.000157365
30.78	0.007967189
30.8	0.006181473
30.82	-0.005687543
30.84	-0.007284475
30.86	-0.002228564
30.88	0.004434955
30.9	0.008603199
30.92	0.009586058
30.94	0.010023822
30.96	0.009429258
30.98	0.000227167
31	-0.014768042
31.02	-0.028251197
31.04	-0.036980635
31.06	-0.042103587
31.08	-0.049327932
31.1	-0.044620404
31.12	-0.025336321
31.14	-0.003104746
31.16	0.020432439
31.18	0.045996364
31.2	0.043317387
31.22	0.010524961
31.24	-0.01944108
31.26	-0.023065717
31.28	-0.01616394
31.3	-0.010233289
31.32	-0.007536176
31.34	-0.005171186
31.36	-0.003896229
31.38	0.002162743
31.4	0.014106626
31.42	0.02667751
31.44	0.03375253
31.46	0.038049505
31.48	0.041422146
31.5	0.045175705
31.52	0.043200086
31.54	0.035689061
31.56	0.027891933
31.58	0.019319759
31.6	0.01202228
31.62	0.001916038
31.64	-0.011672726
31.66	-0.026592694
31.68	-0.032651863
31.7	-0.026573157
31.72	-0.019919733
31.74	-0.012200338
31.76	-0.01436467
31.78	-0.021774061
31.8	-0.030964943
31.82	-0.034259016
31.84	-0.026274909
31.86	-0.015740701
31.88	-0.002749577
31.9	0.014135722
31.92	0.030718462
31.94	0.048276406
31.96	0.057375838
31.98	0.052712394
32	0.045631142
32.02	0.037236923
32.04	0.021732461
32.06	0.003170914
32.08	-0.014797688
32.1	-0.02228503
32.12	-0.022674168
32.14	-0.022276917
32.16	-0.021631364
32.18	-0.020992271
32.2	-0.024172327
32.22	-0.029005817
32.24	-0.034435842
32.26	-0.038653436
32.28	-0.034094342
32.3	-0.02382932
32.32	-0.015153409
32.34	0.001116238
32.36	0.022687947
32.38	0.046854748
32.4	0.054740148
32.42	0.039012508
32.44	0.020473129
32.46	0.003789187
32.48	-0.006523244
32.5	-0.016498373
32.52	-0.025387642
32.54	-0.034224267
32.56	-0.041748333
32.58	-0.037589982
32.6	-0.026700204
32.62	-0.015387484
32.64	-0.003925022
32.66	0.00920171
32.68	0.028996865
32.7	0.036984264
32.72	0.03428956
32.74	0.030146963
32.76	0.025866846
32.78	0.017401865
32.8	0.001588595
32.82	-0.012698418
32.84	-0.02195441
32.86	-0.028867844
32.88	-0.03478506
32.9	-0.027303415
32.92	-0.01092098
32.94	0.005703524
32.96	0.021276833
32.98	0.017064181
33	0.003845598
33.02	-0.009959393
33.04	-0.018496385
33.06	-0.022940653
33.08	-0.027486863
33.1	-0.028061907
33.12	-0.023029601
33.14	-0.01763519
33.16	-0.008349867
33.18	0.001150189
33.2	0.011862494
33.22	0.016647725
33.24	0.011883223
33.26	0.00524031
33.28	-0.001699574
33.3	-0.008917267
33.32	-0.008800182
33.34	0.006539195
33.36	0.015796559
33.38	0.013593794
33.4	0.008659062
33.42	0.010986625
33.44	0.023374046
33.46	0.034845718
33.48	0.048714334
33.5	0.049940849
33.52	0.034359508
33.54	0.018249037
33.56	0.016850479
33.58	0.022082318
33.6	0.027892357
33.62	0.029698097
33.64	0.029393366
33.66	0.028580918
33.68	0.027773737
33.7	0.026980858
33.72	0.026193166
33.74	0.02085531
33.76	0.012374684
33.78	0.003402381
33.8	-0.005034629
33.82	-0.013953025
33.84	-0.017766771
33.86	-0.013326805
33.88	-0.007511407
33.9	-0.001620891
33.92	0.005340642
33.94	0.014867038
33.96	0.019001844
33.98	0.010058704
34	0.00037692
34.02	-0.004676737
34.04	-0.008048195
34.06	-0.011052631
34.08	-0.019032873
34.1	-0.027250523
34.12	-0.029360911
34.14	-0.029607716
34.16	-0.029331787
34.18	-0.029046106
34.2	-0.02875765
34.22	-0.029985475
34.24	-0.03369694
34.26	-0.037774679
34.28	-0.042467461
34.3	-0.047995007
34.32	-0.051041164
34.34	-0.045590009
34.36	-0.038264062
34.38	-0.028867403
34.4	-0.015706029
34.42	-0.002448549
34.44	0.011647554
34.46	0.019958977
34.48	0.012265851
34.5	0.000760375
34.52	-0.011390455
34.54	-0.023648015
34.56	-0.029664483
34.58	-0.022026218
34.6	-0.012087521
34.62	-0.001445335
34.64	0.008850879
34.66	0.020589481
34.68	0.034724879
34.7	0.047631193
34.72	0.062371585
34.74	0.059872961
34.76	0.034084053
34.78	0.007847271
34.8	-0.021355686
34.82	-0.036666122
34.84	-0.032444467
34.86	-0.025547824
34.88	-0.016581969
34.9	-0.00916172
34.92	0.00994116
34.94	0.034257827
34.96	0.061572118
34.98	0.064136146
35	0.037668452
35.02	0.009501102
35.04	-0.019792183
35.06	-0.034177911
35.08	-0.034899635
35.1	-0.029234136
35.12	-0.022978766
35.14	-0.016655275
35.16	-0.010277328
35.18	-0.005872612
35.2	-0.004906097
35.22	-0.004979267
35.24	-0.004797356
35.26	-0.004868185
35.28	-0.000878717
35.3	0.006028234
35.32	0.012705097
35.34	0.019925564
35.36	0.024362299
35.38	0.017236
35.4	0.006267229
35.42	-0.002825646
35.44	-0.008581303
35.46	-0.013383083
35.48	-0.009913542
35.5	-0.002738345
35.52	0.004707437
35.54	0.012168644
35.56	0.019124165
35.58	0.025849311
35.6	0.023715411
35.62	0.016064497
35.64	0.008139849
35.66	-0.000544591
35.68	-0.009712032
35.7	-0.01832037
35.72	-0.027663442
35.74	-0.030849786
35.76	-0.023017727
35.78	-0.013391093
35.8	-0.003313471
35.82	0.005937297
35.84	0.00626081
35.86	0.000236027
35.88	-0.005854773
35.9	-0.012500235
35.92	-0.019184861
35.94	-0.023100143
35.96	-0.011410413
35.98	0.00574422
36	0.018788615
36.02	0.016190352
36.04	0.010111396
36.06	0.002454167
36.08	-0.008766932
36.1	-0.024177667
36.12	-0.034776731
36.14	-0.038919312
36.16	-0.041642295
36.18	-0.041461926
36.2	-0.037717593
36.22	-0.033560162
36.24	-0.029522595
36.26	-0.020521026
36.28	0.008486111
36.3	0.031486962
36.32	0.041297939
36.34	0.037588993
36.36	0.030424296
36.38	0.023481718
36.4	0.012943786
36.42	0.001986799
36.44	-0.001269863
36.46	-0.003652392
36.48	-0.004945171
36.5	-0.006189305
36.52	-0.001307002
36.54	0.005202255
36.56	0.012506737
36.58	0.019829409
36.6	0.027154059
36.62	0.034488284
36.64	0.036233784
36.66	0.032840306
36.68	0.029025909
36.7	0.026848506
36.72	0.031060422
36.74	0.036646347
36.76	0.042790307
36.78	0.04820841
36.8	0.053165452
36.82	0.046020519
36.84	0.030453415
36.86	0.018165123
36.88	0.015387946
36.9	0.016753652
36.92	0.013240295
36.94	-0.000560435
36.96	-0.015443807
36.98	-0.02247944
37	-0.023449938
37.02	-0.024625883
37.04	-0.026522523
37.06	-0.029349423
37.08	-0.029797175
37.1	-0.026655483
37.12	-0.02310553
37.14	-0.018888562
37.16	-0.015058535
37.18	-0.00677432
37.2	0.002506064
37.22	0.012506233
37.24	0.013546546
37.26	0.00618393
37.28	0.001077478
37.3	-0.002084765
37.32	-0.004642811
37.34	-0.005841186
37.36	-0.004724753
37.38	-0.002872444
37.4	-0.001341508
37.42	0.000399916
37.44	4.98415E-05
37.46	-0.00231199
37.48	-0.004856844
37.5	-0.007311537
37.52	-0.009689695
37.54	-0.010965031
37.56	-0.009663823
37.58	-0.008142563
37.6	-0.006164918
37.62	-0.004493571
37.64	-0.002882781
37.66	-0.00106291
37.68	-6.67616E-05
37.7	-0.002394652
37.72	-0.006680911
37.74	-0.010568017
37.76	-0.016610011
37.78	-0.024980739
37.8	-0.032817659
37.82	-0.030236161
37.84	-0.023922268
37.86	-0.016526628
37.88	-0.010125601
37.9	-0.002652851
37.92	-0.000497409
37.94	-0.003220886
37.96	-0.006877769
37.98	-0.010657873
38	-0.013556229
38.02	-0.008231414
38.04	-3.52179E-05
38.06	0.008661722
38.08	0.01707082
38.1	0.023936268
38.12	0.015853679
38.14	0.003465083
38.16	-0.009545365
38.18	-0.010711239
38.2	-0.005499226
38.22	-0.001208524
38.24	0.001419086
38.26	0.00396676
38.28	0.005917872
38.3	0.008316172
38.32	0.010374261
38.34	0.012365909
38.36	0.00895864
38.38	0.001600299
38.4	-0.005523295
38.42	-0.013423867
38.44	-0.015992087
38.46	-0.010349796
38.48	-0.00362183
38.5	0.003404017
38.52	0.011212201
38.54	0.020037049
38.56	0.030079923
38.58	0.033197569
38.6	0.02427078
38.62	0.014103766
38.64	0.002983582
38.66	-0.005238137
38.68	-0.002798221
38.7	0.003120874
38.72	0.009093487
38.74	0.0156373
38.76	0.018656275
38.78	0.01244618
38.8	0.003886146
38.82	-0.004902407
38.84	-0.015943401
38.86	-0.02763246
38.88	-0.040198727
38.9	-0.039908861
38.92	-0.026677467
38.94	-0.013343783
38.96	-0.002471559
38.98	0.006030347
39	0.015009027
39.02	0.019640982
39.04	0.015228251
39.06	0.008926796
39.08	0.004342623
39.1	0.000668471
39.12	-0.002889593
39.14	-0.005820832
39.16	-0.004345963
39.18	-0.000885276
39.2	0.002969557
39.22	0.006701067
39.24	0.010811417
39.26	0.008957308
39.28	-0.001724128
39.3	-0.013067468
39.32	-0.023790864
39.34	-0.019692805
39.36	-0.010143496
39.38	0.000377101
39.4	0.010553483
39.42	0.020908316
39.44	0.030659459
39.46	0.039322627
39.48	0.035000289
39.5	0.027000285
39.52	0.018224358
39.54	0.009726171
39.56	-0.001043473
39.58	-0.013489272
39.6	-0.022740718
39.62	-0.016714817
39.64	-0.006568348
39.66	0.004780764
39.68	0.014487254
39.7	0.02362232
39.72	0.032445445
39.74	0.038182365
39.76	0.034070015
39.78	0.027285385
39.8	0.01968519
39.82	0.012832882
39.84	0.005679915
39.86	-0.000986212
39.88	-0.007444023
39.9	-0.013684355
39.92	-0.019720839
39.94	-0.022761895
39.96	-0.023920392
39.98	-0.025536233
40	-0.023790802
40.02	-0.018029353
40.04	-0.011179507
40.06	-0.008600985
40.08	-0.011685363
40.1	-0.014914518
40.12	-0.018540742
40.14	-0.020515976
40.16	-0.020645862
40.18	-0.020503155
40.2	-0.020355363
40.22	-0.020200242
40.24	-0.020042877
40.26	-0.020635032
40.28	-0.0222158
40.3	-0.021955021
40.32	-0.020173343
40.34	-0.019193161
40.36	-0.020773321
40.38	-0.023048392
40.4	-0.019406624
40.42	-0.012569571
40.44	-0.00544391
40.46	0.001462017
40.48	0.007885377
40.5	0.014104612
40.52	0.019856699
40.54	0.025673712
40.56	0.030776407
40.58	0.034689672
40.6	0.038711555
40.62	0.039033388
40.64	0.03019194
40.66	0.019341703
40.68	0.00832052
40.7	-0.002345384
40.72	-0.011145926
40.74	-0.007990208
40.76	-0.001127536
40.78	0.006276658
40.8	0.013435104
40.82	0.020612487
40.84	0.024246114
40.86	0.017357093
40.88	0.008900624
40.9	0.000715862
40.92	-0.00543424
40.94	-0.017210658
40.96	-0.02352946
40.98	-0.022022204
41	-0.01979164
41.02	-0.01685976
41.04	-0.013763326
41.06	-0.008727322
41.08	-0.004865632
41.1	-0.006955805
41.12	-0.011514237
41.14	-0.015663795
41.16	-0.019417867
41.18	-0.021007721
41.2	-0.01898906
41.22	-0.016764627
41.24	-0.014100806
41.26	-0.011510804
41.28	-0.006716412
41.3	-4.25351E-05
41.32	0.006415597
41.34	0.01291796
41.36	0.018946856
41.38	0.024524337
41.4	0.023564385
41.42	0.020091233
41.44	0.017732042
41.46	0.018231314
41.48	0.019465717
41.5	0.019638502
41.52	0.014463486
41.54	0.008438718
41.56	0.002095509
41.58	-0.003788932
41.6	-0.008723082
41.62	0.000713789
41.64	0.012122256
41.66	0.015045648
41.68	0.015324769
41.7	0.01483096
41.72	0.016372648
41.74	0.021405549
41.76	0.026771164
41.78	0.03169829
41.8	0.027060482
41.82	0.018249903
41.84	0.008951241
41.86	-5.20553E-05
41.88	-0.009273726
41.9	-0.01337464
41.92	-0.007700802
41.94	-0.000429234
41.96	0.007111393
41.98	0.008578384
42	0.006940459
42.02	0.004848955
42.04	0.002818202
42.06	0.00059758
42.08	-0.001553424
42.1	-0.005152389
42.12	-0.010159808
42.14	-0.015251526
42.16	-0.020174861
42.18	-0.025179743
42.2	-0.029505886
42.22	-0.034435352
42.24	-0.03360877
42.26	-0.026197456
42.28	-0.018507345
42.3	-0.01029084
42.32	-0.002842715
42.34	0.00487255
42.36	0.011576283
42.38	0.0122246
42.4	0.007264786
42.42	0.002718515
42.44	-0.002701025
42.46	-0.000586523
42.48	0.000190208
42.5	-0.0010861
42.52	-0.002828837
42.54	-0.004510734
42.56	-0.005887512
42.58	-0.007464961
42.6	-0.008990419
42.62	-0.010207283
42.64	-0.012141321
42.66	-0.017806008
42.68	-0.023283537
42.7	-0.020452361
42.72	-0.015927125
42.74	-0.010523136
42.76	-0.005544152
42.78	-0.000973284
42.8	-0.003903447
42.82	-0.009525828
42.84	-0.015471128
42.86	-0.016391814
42.88	-0.014739583
42.9	-0.012623971
42.92	-0.009302212
42.94	0.000513776
42.96	0.012295867
42.98	0.021156029
43	0.027942791
43.02	0.030442378
43.04	0.028530241
43.06	0.026416642
43.08	0.024352857
43.1	0.0236151
43.12	0.023394188
43.14	0.015054904
43.16	-0.002154406
43.18	-0.01525509
43.2	-0.022346918
43.22	-0.022348436
43.24	-0.01219586
43.26	-0.001092421
43.28	0.012186799
43.3	0.017171739
43.32	0.009303715
43.34	-0.002117533
43.36	-0.008858071
43.38	-0.002946662
43.4	0.005560695
43.42	0.012780192
43.44	0.015446922
43.46	0.017006511
43.48	0.018253052
43.5	0.01944962
43.52	0.020848611
43.54	0.0183908
43.56	0.010673889
43.58	0.00218724
43.6	-0.007042108
43.62	-0.015462334
43.64	-0.016755938
43.66	-0.012673046
43.68	-0.009476948
43.7	-0.007643554
43.72	-0.005870289
43.74	-0.002877026
43.76	0.001282989
43.78	0.003535889
43.8	-0.000119504
43.82	-0.005431439
43.84	-0.011078942
43.86	-0.015520336
43.88	-0.014486259
43.9	-0.012208459
43.92	-0.006702329
43.94	0.003196719
43.96	0.012013151
43.98	0.020287197
44	0.01914977
44.02	0.012715162
44.04	0.006733303
44.06	0.004494797
44.08	0.005872994
44.1	0.009744258
44.12	0.0129728
44.14	0.017110039
44.16	0.018055926
44.18	0.01490667
44.2	0.010579379
44.22	0.008418698
44.24	0.009869714
44.26	0.011018809
44.28	0.012881171
44.3	0.010113621
44.32	0.003621658
44.34	-0.005956238
44.36	-0.012180975
44.38	-0.011606294
44.4	-0.010282919
44.42	-0.008236212
44.44	-0.006505468
44.46	-0.004828071
44.48	-0.003456447
44.5	-0.002382003
44.52	-0.001341267
44.54	-0.000334263
44.56	0.000640134
44.58	0.00107667
44.6	-0.002309548
44.62	-0.008624867
44.64	-0.017780558
44.66	-0.027134631
44.68	-0.028312603
44.7	-0.026645441
44.72	-0.02451513
44.74	-0.024212759
44.76	-0.026189181
44.78	-0.026567124
44.8	-0.023369082
44.82	-0.018989757
44.84	-0.014745927
44.86	-0.010625792
44.88	-0.007903834
44.9	-0.009319123
44.92	-0.011954458
44.94	-0.014494952
44.96	-0.017452175
44.98	-0.017005984
45	-0.010227282
45.02	-0.002640456
45.04	0.007996777
45.06	0.019559292
45.08	0.020082377
45.1	0.016019352
45.12	0.011313892
45.14	0.007014086
45.16	0.00817419
45.18	0.011829435
45.2	0.015358937
45.22	0.017502696
45.24	0.019566344
45.26	0.021556019
45.28	0.023470705
45.3	0.025057603
45.32	0.02632408
45.34	0.023481609
45.36	0.019954552
45.38	0.016025616
45.4	0.015002411
45.42	0.016542755
45.44	0.018529512
45.46	0.020698281
45.48	0.021262416
45.5	0.017232075
45.52	0.011545032
45.54	0.007558023
45.56	0.012316054
45.58	0.019959536
45.6	0.030639496
45.62	0.0366469
45.64	0.039900573
45.66	0.037452067
45.68	0.029983525
45.7	0.021220746
45.72	0.011204261
45.74	0.004801324
45.76	0.002403114
45.78	7.93497E-05
45.8	-0.004454143
45.82	-0.010107445
45.84	-0.014054629
45.86	-0.017360815
45.88	-0.020045695
45.9	-0.024157847
45.92	-0.031675605
45.94	-0.039188905
45.96	-0.048979116
45.98	-0.059438548
46	-0.063447377
46.02	-0.064500879
46.04	-0.058640371
46.06	-0.051414405
46.08	-0.039833092
46.1	-0.024288099
46.12	-0.015322383
46.14	-0.009678333
46.16	-0.011567971
46.18	-0.01516134
46.2	-0.019394044
46.22	-0.023983661
46.24	-0.028160118
46.26	-0.025843801
46.28	-0.021812826
46.3	-0.017388617
46.32	-0.01259389
46.34	-0.007435299
46.36	-0.002440266
46.38	0.003160707
46.4	0.009593688
46.42	0.01606957
46.44	0.022580686
46.46	0.025324807
46.48	0.020865193
46.5	0.015524622
46.52	0.009082826
46.54	0.007917707
46.56	0.011351788
46.58	0.015177829
46.6	0.018873359
46.62	0.024468884
46.64	0.034182219
46.66	0.043820854
46.68	0.047543134
46.7	0.0488405
46.72	0.050067737
46.74	0.046412855
46.76	0.037014801
46.78	0.025112636
46.8	0.007744741
46.82	-0.004244007
46.84	-0.009507349
46.86	-0.011804184
46.88	-0.007428387
46.9	-0.001670106
46.92	0.004156246
46.94	0.003198693
46.96	-0.001535844
46.98	-0.006876393
47	-0.012549278
47.02	-0.018032877
47.04	-0.023840626
47.06	-0.029948822
47.08	-0.035849212
47.1	-0.041032423
47.12	-0.043236576
47.14	-0.035455931
47.16	-0.02562503
47.18	-0.010771729
47.2	0.001580081
47.22	0.007698713
47.24	0.008290501
47.26	0.005056236
47.28	0.001922103
47.3	-0.001868022
47.32	-0.001479747
47.34	0.006759294
47.36	0.015237209
47.38	0.023435888
47.4	0.028817004
47.42	0.030970145
47.44	0.032781405
47.46	0.03375739
47.48	0.034176327
47.5	0.034562963
47.52	0.035677604
47.54	0.037500387
47.56	0.037718171
47.58	0.032586508
47.6	0.026076603
47.62	0.020776923
47.64	0.016651516
47.66	0.015184703
47.68	0.01553024
47.7	0.016108142
47.72	0.015387871
47.74	0.012400686
47.76	0.010514449
47.78	0.003862974
47.8	-0.008411534
47.82	-0.018002818
47.84	-0.023983966
47.86	-0.025953627
47.88	-0.023031793
47.9	-0.019683919
47.92	-0.015168549
47.94	-0.010282581
47.96	-0.006316993
47.98	-0.003996028
48	-0.002259544
48.02	-0.003364541
48.04	-0.004946228
48.06	-0.006724639
48.08	-0.009715228
48.1	-0.019195828
48.12	-0.024307306
48.14	-0.027462324
48.16	-0.02999948
48.18	-0.031929359
48.2	-0.029470485
48.22	-0.026568063
48.24	-0.022733273
48.26	-0.021546426
48.28	-0.023177157
48.3	-0.025245503
48.32	-0.026733857
48.34	-0.026631421
48.36	-0.025761736
48.38	-0.026931652
48.4	-0.029575067
48.42	-0.031606225
48.44	-0.029244068
48.46	-0.025672015
48.48	-0.021698397
48.5	-0.01834269
48.52	-0.015338696
48.54	-0.012675578
48.56	-0.010093268
48.58	-0.010374396
48.6	-0.011147625
48.62	-0.01290065
48.64	-0.009014244
48.66	-0.000422802
48.68	0.006115563
48.7	0.012695719
48.72	0.018298739
48.74	0.023964672
48.76	0.026392208
48.78	0.027211112
48.8	0.025449005
48.82	0.019677774
48.84	0.011290766
48.86	0.001144354
48.88	-0.00766392
48.9	-0.010851071
48.92	-0.007592376
48.94	-0.004176852
48.96	0.001408407
48.98	0.008342432
49	0.015297521
49.02	0.019487989
49.04	0.022517717
49.06	0.02468015
49.08	0.023713566
49.1	0.022007841
49.12	0.019837849
49.14	0.017982361
49.16	0.015161701
49.18	0.011665899
49.2	0.008022682
49.22	0.004747508
49.24	0.004108805
49.26	0.003745672
49.28	0.003643163
49.3	0.001009211
49.32	-0.003063914
49.34	-0.007762144
49.36	-0.011802303
49.38	-0.016207534
49.4	-0.015646572
49.42	-0.011540273
49.44	-0.007311976
49.46	-0.002699996
49.48	0.003023481
49.5	0.009074422
49.52	0.015173642
49.54	0.020566233
49.56	0.024755323
49.58	0.028799404
49.6	0.031681449
49.62	0.030905254
49.64	0.029118734
49.66	0.026872156
49.68	0.02518524
49.7	0.025824294
49.72	0.02794804
49.74	0.029736844
49.76	0.033475988
49.78	0.040122434
49.8	0.043992077
49.82	0.044163419
49.84	0.044554397
49.86	0.041869001
49.88	0.034929296
49.9	0.016531106
49.92	-2.11609E-05
49.94	-0.009191237
49.96	-0.009189091
49.98	-0.005629676
50	-0.00117574
50.02	-0.000159227
50.04	-0.009582541
50.06	-0.021990754
50.08	-0.033992702
50.1	-0.038741303
50.12	-0.041544688
50.14	-0.042713615
50.16	-0.041291396
50.18	-0.038876131
50.2	-0.03652323
50.22	-0.033719723
50.24	-0.030993481
50.26	-0.028082673
50.28	-0.026775902
50.3	-0.027269058
50.32	-0.027992166
50.34	-0.025627933
50.36	-0.019275915
50.38	-0.01564925
50.4	-0.01695331
50.42	-0.018964538
50.44	-0.021411766
50.46	-0.0237651
50.48	-0.027045817
50.5	-0.030202511
50.52	-0.032738763
50.54	-0.029845749
50.56	-0.024494111
50.58	-0.018287683
50.6	-0.011002367
50.62	-0.003690751
50.64	-0.000672032
50.66	-0.000789857
50.68	-0.00115923
50.7	-0.001762937
50.72	-0.000829957
50.74	0.000841943
50.76	0.002708853
50.78	0.004518574
50.8	0.008296346
50.82	0.014485821
50.84	0.020975883
50.86	0.028262471
50.88	0.035296514
50.9	0.036003665
50.92	0.031591595
50.94	0.027309058
50.96	0.020865339
50.98	0.013101497
51	0.005832333
51.02	6.50215E-05
51.04	-0.005519076
51.06	-0.006349683
51.08	-0.002083352
51.1	0.002557341
51.12	0.004002508
51.14	0.002102013
51.16	7.4028E-06
51.18	-0.002777786
51.2	-0.005979789
51.22	-0.00907431
51.24	-0.011813162
51.26	-0.013692247
51.28	-0.01094181
51.3	-0.006493727
51.32	-0.001937331
51.34	0.002222787
51.36	0.006247031
51.38	0.006587744
51.4	0.004885146
51.42	0.002730975
51.44	0.000895843
51.46	-0.001133101
51.48	-0.002842534
51.5	-0.0049967
51.52	-0.005309598
51.54	-0.003321012
51.56	-0.001654143
51.58	0.000471299
51.6	0.002271125
51.62	0.004523123
51.64	0.003909716
51.66	-0.000995297
51.68	-0.005998104
51.7	-0.011340005
51.72	-0.01295473
51.74	-0.010195828
51.76	-0.007269501
51.78	-0.003922105
51.8	-0.002968068
51.82	-0.005334393
51.84	-0.008890834
51.86	-0.009028424
51.88	-0.004594767
51.9	0.000212557
51.92	0.004859532
51.94	0.009611917
51.96	0.010651741
51.98	0.006332914
52	0.006204293
52.02	0.008616867
52.04	0.011705754
52.06	0.014690302
52.08	0.01807796
52.1	0.017545297
52.12	0.012199107
52.14	0.005502338
52.16	0.002059537
52.18	0.004054221
52.2	0.006233013
52.22	0.009103374
52.24	0.008829225
52.26	0.005772841
52.28	0.002301144
52.3	0.003762123
52.32	0.008217011
52.34	0.012524545
52.36	0.017444522
52.38	0.021691902
52.4	0.02604088
52.42	0.026433344
52.44	0.023753912
52.46	0.020643591
52.48	0.018377772
52.5	0.017955055
52.52	0.017786059
52.54	0.01786938
52.56	0.015651396
52.58	0.009952447
52.6	0.003917464
52.62	-0.002430192
52.64	-0.006545387
52.66	-0.010524416
52.68	-0.011581659
52.7	-0.009301065
52.72	-0.006839966
52.74	-0.004195993
52.76	-0.001896098
52.78	0.000586784
52.8	0.002984624
52.82	0.002008216
52.84	-0.002745203
52.86	-0.007341246
52.88	-0.012043297
52.9	-0.011258702
52.92	-0.008977086
52.94	-0.006000458
52.96	-0.005657032
52.98	-0.00887081
53	-0.012485437
53.02	-0.01597663
53.04	-0.019601951
53.06	-0.021830302
53.08	-0.021696675
53.1	-0.021299075
53.12	-0.020652795
53.14	-0.020013297
53.16	-0.019133414
53.18	-0.018776159
53.2	-0.017408325
53.22	-0.01328444
53.24	-0.008271846
53.26	-0.0056978
53.28	-0.005742965
53.3	-0.006033743
53.32	-0.00682253
53.34	-0.006306668
53.36	-0.004286258
53.38	-0.001565905
53.4	-0.001217533
53.42	-0.003414508
53.44	-0.006044154
53.46	-0.00858423
53.48	-0.008504293
53.5	-0.007656793
53.52	-0.006837704
53.54	-0.006034825
53.56	-0.004749503
53.58	-0.000711553
53.6	0.004717048
53.62	0.009971972
53.64	0.01530321
53.66	0.015891343
53.68	0.011887366
53.7	0.008769465
53.72	0.009042508
53.74	0.010318814
53.76	0.011799375
53.78	0.013486019
53.8	0.01409011
53.82	0.011883458
53.84	0.008977025
53.86	0.006417177
53.88	0.005707844
53.9	0.005278326
53.92	0.005361733
53.94	0.003160948
53.96	-0.000750899
53.98	-0.004783817
54	-0.008941219
54.02	-0.012704635
54.04	-0.01329684
54.06	-0.01107166
54.08	-0.008408004
54.1	-0.005822106
54.12	-0.003319802
54.14	-0.00089268
54.16	0.0014534
54.18	0.003726826
54.2	0.005416496
54.22	0.00223184
54.24	-0.002882761
54.26	-0.007826677
54.28	-0.012863788
54.3	-0.010878283
54.32	-0.004138252
54.34	0.003151845
54.36	0.009696612
54.38	0.01019265
54.4	0.008638214
54.42	0.00637186
54.44	0.00442347
54.46	0.00254463
54.48	0.000719362
54.5	-0.001297223
54.52	-0.0024922
54.54	-0.001612424
54.56	-0.000765934
54.58	0.000567766
54.6	0.001601023
54.62	0.002601489
54.64	0.002552121
54.66	0.000732382
54.68	-0.001286068
54.7	-0.003488566
54.72	-0.005369938
54.74	-0.004645178
54.76	-0.002169994
54.78	0.000484228
54.8	0.003303167
54.82	0.004258797
54.84	0.002639534
54.86	0.000823748
54.88	-0.001190848
54.9	-0.003135804
54.92	-0.005273274
54.94	-0.007337432
54.96	-0.009331616
54.98	-0.011252398
55	-0.01285181
55.02	-0.010842097
55.04	-0.007878896
55.06	-0.004749198
55.08	-0.00197463
55.1	0.002492557
55.12	0.011373403
55.14	0.016416647
55.16	0.015959352
55.18	0.014497034
55.2	0.013832842
55.22	0.016992077
55.24	0.020544918
55.26	0.024481024
55.28	0.027512191
55.3	0.024603111
55.32	0.019235238
55.34	0.013272298
55.36	0.008252693
55.38	0.0082123
55.4	0.009685706
55.42	0.011363226
55.44	0.010440556
55.46	0.007516605
55.48	0.004425252
55.5	0.001434179
55.52	-0.001462603
55.54	-0.003503218
55.56	-0.005226232
55.58	-0.006888061
55.6	-0.010019666
55.62	-0.013801094
55.64	-0.017964623
55.66	-0.018686093
55.68	-0.016588023
55.7	-0.014289513
55.72	-0.012063657
55.74	-0.012689994
55.76	-0.014305748
55.78	-0.015096757
55.8	-0.011295565
55.82	-0.006335753
55.84	-0.000776982
55.86	0.003083226
55.88	0.001995549
55.9	-0.00057509
55.92	-0.003570816
55.94	-0.004946098
55.96	-0.002472134
55.98	0.000942385
56	0.004496771
56.02	0.00818903
56.04	0.011503078
56.06	0.014705096
56.08	0.015007619
56.1	0.013262479
56.12	0.010804149
56.14	0.008676649
56.16	0.006355883
56.18	0.004615119
56.2	0.002165488
56.22	0.002586836
56.24	0.006538673
56.26	0.010872657
56.28	0.008967207
56.3	0.00281328
56.32	-0.003657231
56.34	-0.003826416
56.36	6.75998E-05
56.38	0.00434382
56.4	0.00695538
56.42	0.005168572
56.44	0.00242008
56.46	-0.000743367
56.48	-0.002795054
56.5	-0.003763248
56.52	-0.0047019
56.54	-0.005348586
56.56	-0.006231565
56.58	-0.006569679
56.6	-0.008420103
56.62	-0.012231781
56.64	-0.016427558
56.66	-0.020473578
56.68	-0.024889085
56.7	-0.02508638
56.72	-0.018676714
56.74	-0.010935063
56.76	-0.006233016
56.78	-0.004212096
56.8	-0.002254582
56.82	-0.001627226
56.84	-0.002286419
56.86	-0.003429637
56.88	-0.004280568
56.9	-0.005862062
56.92	-0.00840507
56.94	-0.010349979
56.96	-0.00741098
56.98	-0.003035849
57	0.001448242
57.02	0.003508537
57.04	0.004230872
57.06	0.004423947
57.08	0.00587244
57.1	0.008800677
57.12	0.012129555
57.14	0.015350871
57.16	0.018203169
57.18	0.016644412
57.2	0.013095578
57.22	0.010165819
57.24	0.010365748
57.26	0.011318926
57.28	0.01222932
57.3	0.009558352
57.32	0.004682675
57.34	0.001486104
57.36	0.002447511
57.38	0.003885289
57.4	0.006032313
57.42	0.006335767
57.44	0.003324505
57.46	-0.001108513
57.48	-0.002865615
57.5	9.566E-07
57.52	0.003281279
57.54	0.006711106
57.56	0.010274053
57.58	0.012960668
57.6	0.010733845
57.62	0.007050687
57.64	0.003224889
57.66	-0.000219692
57.68	-0.003559422
57.7	-0.003488788
57.72	-0.002660945
57.74	-0.001350288
57.76	-8.26738E-05
57.78	0.001144466
57.8	0.00207608
57.82	0.002976906
57.84	0.004099463
57.86	0.004930109
57.88	0.005729802
57.9	0.005234176
57.92	0.002465497
57.94	-0.000466169
57.96	-0.003306943
57.98	-0.004528333
58	-0.005206635
58.02	-0.005603664
58.04	-0.005986356
58.06	-0.006353211
58.08	-0.007213956
58.1	-0.008040236
58.12	-0.008841855
58.14	-0.00960998
58.16	-0.010349426
58.18	-0.010297419
58.2	-0.00973752
58.22	-0.008933592
58.24	-0.007141479
58.26	-0.004384848
58.28	-0.002226087
58.3	0.000628882
58.32	-0.000163544
58.34	-0.005742968
58.36	-0.011398852
58.38	-0.014580517
58.4	-0.015624049
58.42	-0.016624664
58.44	-0.017077059
58.46	-0.018009893
58.48	-0.015864749
58.5	-0.012507329
58.52	-0.008746893
58.54	-0.005101787
58.56	-0.001315685
58.58	0.002855602
58.6	0.006382645
58.62	0.006498769
58.64	0.004827818
58.66	0.004989264
58.68	0.008183765
58.7	0.011526087
58.72	0.015515367
58.74	0.016071348
58.76	0.013556296
58.78	0.010611345
58.8	0.009527048
58.82	0.009999559
58.84	0.010448059
58.86	0.011131454
58.88	0.011531962
58.9	0.0121707
58.92	0.012776215
58.94	0.012853472
58.96	0.012409916
58.98	0.011723419
59	0.011048967
59.02	0.010142127
59.04	0.00950653
59.06	0.008638014
59.08	0.008294035
59.1	0.004915903
59.12	-0.001909034
59.14	-0.008258298
59.16	-0.013892097
59.18	-0.01756163
59.2	-0.017302043
59.22	-0.016023114
59.24	-0.014275754
59.26	-0.012825356
59.28	-0.01141886
59.3	-0.010050817
59.32	-0.006948399
59.34	-0.002923533
59.36	0.001220536
59.38	0.00523366
59.4	0.00683095
59.42	0.006345643
59.44	0.005615025
59.46	0.004654622
59.48	0.003721436
59.5	0.003071191
59.52	0.002185098
59.54	0.001327337
59.56	0.000749047
59.58	0.000189898
59.6	-0.000101329
59.62	-0.000379745
59.64	-0.00065287
59.66	-0.00065962
59.68	-0.000923548
59.7	-0.00117512
59.72	-0.001421818
59.74	-0.001653955
59.76	-0.001884067
59.78	-0.002102383
59.8	-0.002062524
59.82	-0.00227332
59.84	-0.002733797
59.86	-0.003933607
59.88	-0.005098891
59.9	-0.005966497
59.92	-0.005537415
59.94	-0.004861838
59.96	-0.003955403
59.98	-0.00332639
60	-0.002465804
60.02	-0.001628045
60.04	-0.001835609
60.06	-0.002539548
60.08	-0.003220583
60.1	-0.003876703
60.12	-0.004513209
60.14	-0.005120536
60.16	-0.005457753
60.18	-0.005777386
60.2	-0.006087171
60.22	-0.006126009
60.24	-0.006415178
60.26	-0.006436332
60.28	-0.003666877
60.3	-0.000475673
60.32	0.002865615
60.34	0.006101495
60.36	0.006436254
60.38	0.00523757
60.4	0.003312288
60.42	0.003225811
60.44	0.004911478
60.46	0.007054128
60.48	0.007597184
60.5	0.006091554
60.52	0.004122511
60.54	0.003485372
60.56	0.004386499
60.58	0.005511226
60.6	0.006595509
60.62	0.007642388
60.64	0.006114095
60.66	0.002350703
60.68	-0.001293666
60.7	-0.005072459
60.72	-0.008222571
60.74	-0.009232155
60.76	-0.009194965
60.78	-0.009150463
60.8	-0.009106146
60.82	-0.0090547
60.84	-0.010778105
60.86	-0.012944057
60.88	-0.013767257
60.9	-0.011765194
60.92	-0.010073605
60.94	-0.007924606
60.96	-0.008887611
60.98	-0.012090535
61	-0.015188972
61.02	-0.014877491
61.04	-0.012542487
61.06	-0.00976179
61.08	-0.007324645
61.1	-0.004450279
61.12	-0.001161152
61.14	0.001772898
61.16	0.004606282
61.18	0.006593523
61.2	0.008508065
61.22	0.010106774
61.24	0.011645876
61.26	0.011866597
61.28	0.01105573
61.3	0.010271871
61.32	0.01127706
61.34	0.013009499
61.36	0.014676106
61.38	0.016290058
61.4	0.017835142
61.42	0.019578535
61.44	0.020998086
61.46	0.022364257
61.48	0.022150311
61.5	0.020414236
61.52	0.018209507
61.54	0.016325847
61.56	0.014741865
61.58	0.014981197
61.6	0.015706082
61.62	0.016404497
61.64	0.017064988
61.66	0.017192488
61.68	0.014512482
61.7	0.011659862
61.72	0.007873354
61.74	0.002432713
61.76	-0.003599577
61.78	-0.009176539
61.8	-0.01533702
61.82	-0.0184982
61.84	-0.01774389
61.86	-0.016496858
61.88	-0.015031687
61.9	-0.014113457
61.92	-0.014739605
61.94	-0.016096547
61.96	-0.017661343
61.98	-0.019160837
62	-0.020351575
62.02	-0.021743809
62.04	-0.023085536
62.06	-0.023350446
62.08	-0.020556396
62.1	-0.016822665
62.12	-0.013203729
62.14	-0.009439568
62.16	-0.007313096
62.18	-0.008547723
62.2	-0.010753782
62.22	-0.011863477
62.24	-0.009638661
62.26	-0.006968723
62.28	-0.003873877
62.3	-0.001129043
62.32	0.001778863
62.34	0.004596174
62.36	0.007317307
62.38	0.009697049
62.4	0.012245821
62.42	0.014709934
62.44	0.015560592
62.46	0.014605013
62.48	0.013923322
62.5	0.013008805
62.52	0.012111199
62.54	0.011239946
62.56	0.011402926
62.58	0.012317362
62.6	0.013194722
62.62	0.014037801
62.64	0.014591209
62.66	0.015627614
62.68	0.014084941
62.7	0.009287679
62.72	0.003879965
62.74	0.000422497
62.76	0.000113879
62.78	7.21751E-05
62.8	0.000281655
62.82	-2.03425E-05
62.84	-0.000824289
62.86	-0.001598684
62.88	-0.002348714
62.9	-0.003072603
62.92	-0.003521592
62.94	-0.003951018
62.96	-0.004112079
62.98	-0.001728965
63	0.001841023
63.02	0.005300401
63.04	0.008384973
63.06	0.006806697
63.08	0.001720218
63.1	-0.000917558
63.12	0.000583085
63.14	0.002545809
63.16	0.004947402
63.18	0.006769189
63.2	0.009027093
63.22	0.008420457
63.24	0.006555318
63.26	0.004244784
63.28	0.002002224
63.3	-0.000165938
63.32	-0.002268413
63.34	-0.004301244
63.36	-0.006521915
63.38	-0.008664349
63.4	-0.010991187
63.42	-0.012726207
63.44	-0.01186661
63.46	-0.010012262
63.48	-0.007960327
63.5	-0.005969571
63.52	-0.005056975
63.54	-0.006452457
63.56	-0.008054879
63.58	-0.009851586
63.6	-0.010829951
63.62	-0.011003256
63.64	-0.011422868
63.66	-0.009793276
63.68	-0.005422447
63.7	-0.00068086
63.72	0.002634925
63.74	0.001030263
63.76	-0.001796225
63.78	-0.004526529
63.8	-0.005646901
63.82	-0.006218851
63.84	-0.006518937
63.86	-0.006801799
63.88	-0.00479094
63.9	-0.002333067
63.92	0.000296785
63.94	0.001322635
63.96	-0.002251017
63.98	-0.006465457
64	-0.011054133
64.02	-0.011168993
64.04	-0.007477234
64.06	-0.003129928
64.08	0.000308693
64.1	0.001868364
64.12	0.003116921
64.14	0.004076454
64.16	0.004491699
64.18	0.004641577
64.2	0.004526844
64.22	0.004669023
64.24	0.00480314
64.26	0.004175494
64.28	0.003052165
64.3	0.002221518
64.32	0.001161609
64.34	-0.000116895
64.36	-0.001862815
64.38	-0.003547226
64.4	-0.0049275
64.42	-0.00371787
64.44	-0.001789674
64.46	0.000335185
64.48	0.002390316
64.5	0.00362037
64.52	0.003028355
64.54	0.002457937
64.56	0.001396015
64.58	0.000623063
64.6	0.000886769
64.62	0.002160959
64.64	0.003386948
64.66	0.004575543
64.68	0.007243
64.7	0.013122059
64.72	0.015757031
64.74	0.013989182
64.76	0.012269865
64.78	0.013136814
64.8	0.014980507
64.82	0.017014038
64.84	0.018209906
64.86	0.0153016
64.88	0.01044414
64.9	0.006759152
64.92	0.006985779
64.94	0.008732677
64.96	0.008632229
64.98	0.00524082
65	0.00169538
65.02	-0.001987238
65.04	-0.005297987
65.06	-0.008498392
65.08	-0.010072234
65.1	-0.011081477
65.12	-0.011546434
65.14	-0.012497139
65.16	-0.013160959
65.18	-0.013790415
65.2	-0.01312963
65.22	-0.012225747
65.24	-0.011097303
65.26	-0.010247042
65.28	-0.009168951
65.3	-0.008119444
65.32	-0.007354804
65.34	-0.006099314
65.36	-0.003364321
65.38	-0.000201663
65.4	0.003104006
65.42	0.006307761
65.44	0.009400834
65.46	0.010108288
65.48	0.007488404
65.5	0.004445316
65.52	0.001748038
65.54	0.002946097
65.56	0.005112915
65.58	0.007718424
65.6	0.008454723
65.62	0.005363473
65.64	0.001859903
65.66	-0.002038071
65.68	-0.005556839
65.7	-0.005660232
65.72	-0.002971376
65.74	-0.00011028
65.76	0.002905766
65.78	0.002785247
65.8	0.000383265
65.82	-0.002193998
65.84	-0.004942321
65.86	-0.007344182
65.88	-0.009668609
65.9	-0.008867798
65.92	-0.006061187
65.94	-0.00283051
65.96	0.000293453
65.98	0.000530266
66	-0.00152698
66.02	-0.003515608
66.04	-0.005693341
66.06	-0.006270716
66.08	-0.006070774
66.1	-0.005616312
66.12	-0.005179728
66.14	-0.004748055
66.16	-0.00433144
66.18	-0.003414273
66.2	-0.002782347
66.22	-0.001913974
66.24	-0.001325037
66.26	-0.000499031
66.28	-0.001479908
66.3	-0.00369112
66.32	-0.005832394
66.34	-0.004092036
66.36	0.000378407
66.38	0.003187661
66.4	0.001082827
66.42	-0.002473774
66.44	-0.004394355
66.46	-0.00168212
66.48	0.001194074
66.5	0.00473973
66.52	0.006644537
66.54	0.005700698
66.56	0.004270868
66.58	0.002637441
66.6	0.0010496
66.62	-0.000481188
66.64	-0.00044494
66.66	-0.000151894
66.68	0.000384772
66.7	0.000651439
66.72	0.001157156
66.74	0.001652307
66.76	0.002127215
66.78	0.002843387
66.8	0.003275192
66.82	0.00395149
66.84	0.004346594
66.86	0.005743337
66.88	0.008611633
66.9	0.009611957
66.92	0.008286597
66.94	0.00649807
66.96	0.004503915
66.98	0.004098485
67	0.005985052
67.02	0.00857012
67.04	0.008273515
67.06	0.005954629
67.08	0.003452352
67.1	0.000527209
67.12	-0.000533056
67.14	-0.000542452
67.16	-4.73947E-05
67.18	0.000178748
67.2	0.000649961
67.22	0.000855161
67.24	0.000795529
67.26	0.000740799
67.28	0.000429691
67.3	-0.001134993
67.32	-0.002906318
67.34	-0.004617946
67.36	-0.004244904
67.38	-0.00286272
67.4	-0.001530051
67.42	-0.00023361
67.44	0.000253147
67.46	-0.001298306
67.48	-0.003310577
67.5	-0.003985747
67.52	-0.002356143
67.54	-0.00052045
67.56	0.001503706
67.58	0.002452384
67.6	0.001334356
67.62	-0.000503755
67.64	-0.002034758
67.66	-0.003762974
67.68	-0.00518341
67.7	-0.004523205
67.72	-0.003126651
67.74	-0.001767394
67.76	-0.000203532
67.78	0.001313613
67.8	0.002525894
67.82	0.003952711
67.84	0.003299198
67.86	0.001147978
67.88	-0.001192027
67.9	-0.003959922
67.92	-0.00486314
67.94	-0.003705049
67.96	-0.001819627
67.98	4.5722E-06
68	0.001512219
68.02	0.003227903
68.04	0.004123613
68.06	0.001440367
68.08	-0.001922414
68.1	-0.005677058
68.12	-0.008044485
68.14	-0.009060573
68.16	-0.010040327
68.18	-0.010727874
68.2	-0.011388705
68.22	-0.012020668
68.24	-0.012375542
68.26	-0.012705797
68.28	-0.013278421
68.3	-0.013818789
68.32	-0.014593998
68.34	-0.01533206
68.36	-0.015784927
68.38	-0.013676701
68.4	-0.011119527
68.42	-0.008385572
68.44	-0.005992114
68.46	-0.006711856
68.48	-0.008928203
68.5	-0.011063392
68.52	-0.012872519
68.54	-0.011567667
68.56	-0.009034462
68.58	-0.006319421
68.6	-0.003691073
68.62	-0.002915065
68.64	-0.002418774
68.66	-0.002185899
68.68	-0.001961689
68.7	-0.001230744
68.72	0.002516252
68.74	0.006656396
68.76	0.009892867
68.78	0.012011853
68.8	0.013802207
68.82	0.015783923
68.84	0.01743933
68.86	0.018021583
68.88	0.018062528
68.9	0.018353742
68.92	0.018115211
68.94	0.017117844
68.96	0.016140535
68.98	0.014939356
69	0.014017172
69.02	0.013121694
69.04	0.012244787
69.06	0.012917053
69.08	0.014062496
69.1	0.015675238
69.12	0.016972586
69.14	0.018220403
69.16	0.019668318
69.18	0.020811352
69.2	0.022153786
69.22	0.023444595
69.24	0.024423176
69.26	0.022065313
69.28	0.019008257
69.3	0.01553277
69.32	0.01241039
69.34	0.011413578
69.36	0.010945756
69.38	0.010743861
69.4	0.010537793
69.42	0.008558455
69.44	0.005620423
69.46	0.00252552
69.48	-0.000478448
69.5	-0.003128737
69.52	-0.00519175
69.54	-0.007434173
69.56	-0.009351561
69.58	-0.011199415
69.6	-0.013240616
69.62	-0.014193202
69.64	-0.01485611
69.66	-0.015489375
69.68	-0.015842458
69.7	-0.016426593
69.72	-0.016990329
69.74	-0.01726734
69.76	-0.0172794
69.78	-0.017278577
69.8	-0.016765267
69.82	-0.015240718
69.84	-0.013764
69.86	-0.012321562
69.88	-0.010925713
69.9	-0.009309059
69.92	-0.007997467
69.94	-0.007989431
69.96	-0.008996701
69.98	-0.010214093
70	-0.01139298
70.02	-0.011000577
70.04	-0.009857042
70.06	-0.008487235
70.08	-0.007163167
70.1	-0.00587137
70.12	-0.005383174
70.14	-0.005408858
70.16	-0.005436686
70.18	-0.00520255
70.2	-0.004976504
70.22	-0.003735328
70.24	-0.002284101
70.26	-0.000620293
70.28	0.000989413
70.3	0.002294652
70.32	0.004063522
70.34	0.005775012
70.36	0.007424916
70.38	0.009021935
70.4	0.010815613
70.42	0.011024276
70.44	0.009952595
70.46	0.008911941
70.48	0.007642801
70.5	0.006417174
70.52	0.005475509
70.54	0.004314018
70.56	0.004450876
70.58	0.0061081
70.6	0.007702357
70.62	0.009498796
70.64	0.011228392
70.66	0.011379337
70.68	0.008979393
70.7	0.006402026
70.72	0.003900573
70.74	0.001481465
70.76	0.00014865
70.78	-0.000122155
70.8	-0.000639512
70.82	-0.000884875
70.84	-0.000871968
70.86	-0.001363141
70.88	-0.002095573
70.9	-0.002545777
70.92	-0.003235412
70.94	-0.003646079
70.96	-0.002522339
70.98	-0.001178514
71	0.00012357
71.02	0.001382233
71.04	0.002849422
71.06	0.003258456
71.08	0.00263313
71.1	0.002791814
71.12	0.004209181
71.14	0.006087375
71.16	0.007897618
71.18	0.00964874
71.2	0.00955956
71.22	0.007697097
71.24	0.005884001
71.26	0.003878357
71.28	0.002185
71.3	0.000546036
71.32	-0.000788266
71.34	-0.001824345
71.36	-0.002573979
71.38	-0.003804877
71.4	-0.004490624
71.42	-0.006161347
71.44	-0.008792097
71.46	-0.011586065
71.48	-0.012257035
71.5	-0.010870319
71.52	-0.009270405
71.54	-0.007716038
71.56	-0.00620933
71.58	-0.005759629
71.6	-0.006848517
71.62	-0.007892276
71.64	-0.00915835
71.66	-0.010372272
71.68	-0.011545254
71.7	-0.012926549
71.72	-0.013242128
71.74	-0.012525868
71.76	-0.011319435
71.78	-0.010141673
71.8	-0.009000005
71.82	-0.007634673
71.84	-0.006564083
71.86	-0.005520122
71.88	-0.004256345
71.9	-0.002518885
71.92	-0.001095742
71.94	0.000540413
71.96	0.001868914
71.98	0.003155554
72	0.004652146
72.02	0.0058461
72.04	0.007505369
72.06	0.009109055
72.08	0.010906659
72.1	0.012644817
72.12	0.013557634
72.14	0.011899498
72.16	0.009779799
72.18	0.007473745
72.2	0.005234534
72.22	0.003320392
72.24	0.000957372
72.26	0.000448753
72.28	0.002237337
72.3	0.004222414
72.32	0.006393708
72.34	0.008239178
72.36	0.010016822
72.38	0.011738193
72.4	0.011362961
72.42	0.009728353
72.44	0.008139847
72.46	0.006345733
72.48	0.004604577
72.5	0.003172265
72.52	0.00431891
72.54	0.006189002
72.56	0.008498834
72.58	0.010479321
72.6	0.01213203
72.62	0.011446246
72.64	0.009759043
72.66	0.008122124
72.68	0.006531617
72.7	0.004736038
72.72	0.003247565
72.74	0.001806281
72.76	0.000410798
72.78	-0.001192876
72.8	-0.002497544
72.82	-0.003752942
72.84	-0.004973071
72.86	-0.006145316
72.88	-0.007283667
72.9	-0.008375493
72.92	-0.009434772
72.94	-0.010195008
72.96	-0.009665567
72.98	-0.008888153
73	-0.007881803
73.02	-0.007153943
73.04	-0.006450259
73.06	-0.005764604
73.08	-0.004846091
73.1	-0.004458554
73.12	-0.003831687
73.14	-0.00347299
73.16	-0.003128387
73.18	-0.002537949
73.2	-0.002728619
73.22	-0.003410476
73.24	-0.003823894
73.26	-0.004471789
73.28	-0.005351998
73.3	-0.005691677
73.32	-0.004247052
73.34	-0.00207866
73.36	1.41331E-05
73.38	0.002043443
73.4	0.004255801
73.42	0.006144698
73.44	0.007965092
73.46	0.009980371
73.48	0.010146472
73.5	0.008277384
73.52	0.006457392
73.54	0.004191428
73.56	0.002499658
73.58	0.000611225
73.6	-0.001223558
73.62	-0.000963732
73.64	0.000553009
73.66	0.001770447
73.68	0.003194454
73.7	0.004577091
73.72	0.005397867
73.74	0.005687819
73.76	0.005706905
73.78	0.005726066
73.8	0.005483036
73.82	0.005502449
73.84	0.00551359
73.86	0.005525026
73.88	0.005274521
73.9	0.005286672
73.92	0.005290796
73.94	0.004280008
73.96	0.003040828
73.98	0.001845971
74	0.00042744
74.02	-0.000685767
74.04	-0.001770084
74.06	-0.00281506
74.08	-0.004081084
74.1	-0.005046803
74.12	-0.005983531
74.14	-0.006378182
74.16	-0.006761513
74.18	-0.006871553
74.2	-0.007232988
74.22	-0.008334465
74.24	-0.009908331
74.26	-0.011678834
74.28	-0.013134185
74.3	-0.01478567
74.32	-0.015113649
74.34	-0.014403668
74.36	-0.013459452
74.38	-0.01228069
74.4	-0.011394021
74.42	-0.010523297
74.44	-0.009425326
74.46	-0.008607395
74.48	-0.007815298
74.5	-0.006788897
74.52	-0.006047303
74.54	-0.005575872
74.56	-0.005118043
74.58	-0.004924123
74.6	-0.004737626
74.62	-0.004550068
74.64	-0.004369873
74.66	-0.003934704
74.68	-0.003769017
74.7	-0.003602032
74.72	-0.003442135
74.74	-0.003280882
74.76	-0.002872809
74.78	-0.002725505
74.8	-0.002585057
74.82	-0.00244299
74.84	-0.002053874
74.86	-0.001925267
74.88	-0.001803291
74.9	-0.001679439
74.92	-0.001310805
74.94	-0.001199858
74.96	-0.001095325
74.98	2.67456E-05
75	0.001109136
75.02	0.00241472
75.04	0.00341958
75.06	0.00464639
75.08	0.005576314
75.1	0.006729409
75.12	0.007333008
75.14	0.007156377
75.16	0.007231976
75.18	0.007052128
75.2	0.00687073
75.22	0.006696174
75.24	0.006520022
75.26	0.006350663
75.28	0.005418102
75.3	0.004012051
75.32	0.002896871
75.34	0.004864396
75.36	0.007269757
75.38	0.009851745
75.4	0.011074509
75.42	0.011745892
75.44	0.012134095
75.46	0.01098428
75.48	0.008343585
75.5	0.006039103
75.52	0.003547926
75.54	0.001644452
75.56	5.38399E-05
75.58	-0.001735406
75.6	-0.00296483
75.62	-0.003385012
75.64	-0.003288688
75.66	-0.002938438
75.68	-0.002853366
75.7	-0.002511735
75.72	-0.002437672
75.74	-0.002106905
75.76	-0.00204353
75.78	-0.001977164
75.8	-0.002169687
75.82	-0.003109944
75.84	-0.004024599
75.86	-0.004141988
75.88	-0.002734136
75.9	-0.001368714
75.92	0.00045963
75.94	0.001976444
75.96	0.002934074
75.98	0.002847892
76	0.002507658
76.02	0.001924832
76.04	0.001355828
76.06	0.000808565
76.08	0.000274554
76.1	1.80607E-05
76.12	1.72149E-05
76.14	-0.000233396
76.16	-0.000225943
76.18	-0.000468375
76.2	-0.000452897
76.22	-0.000433569
76.24	-0.000672515
76.26	-0.001153131
76.28	-0.001367774
76.3	-0.001824477
76.32	-0.000746358
76.34	0.000806756
76.36	0.002561566
76.38	0.004260032
76.4	0.005897292
76.42	0.007485171
76.44	0.008505938
76.46	0.008224008
76.48	0.007688723
76.5	0.007170657
76.52	0.006661205
76.54	0.005914754
76.56	0.005441224
76.58	0.003966088
76.6	0.002280641
76.62	0.00064981
76.64	-0.000930708
76.66	-0.002455818
76.68	-0.002921939
76.7	-0.003367544
76.72	-0.003801481
76.74	-0.00396159
76.76	-0.004372748
76.78	-0.004761854
76.8	-0.004888918
76.82	-0.005259121
76.84	-0.005365108
76.86	-0.005714595
76.88	-0.006054109
76.9	-0.006370318
76.92	-0.006682197
76.94	-0.006976243
76.96	-0.007261308
76.98	-0.007529028
77	-0.007785761
77.02	-0.007520491
77.04	-0.00675863
77.06	-0.006010867
77.08	-0.005288065
77.1	-0.004581304
77.12	-0.003898881
77.14	-0.003234371
77.16	-0.002591016
77.18	-0.00196248
77.2	-0.001610924
77.22	-0.001011413
77.24	-0.000434557
77.26	0.000126016
77.28	0.00041323
77.3	0.000949405
77.32	0.001463954
77.34	0.001204136
77.36	0.001204577
77.38	0.000952638
77.4	0.000704471
77.42	0.000976272
77.44	0.002250338
77.46	0.003484188
77.48	0.004672429
77.5	0.005826888
77.52	0.00718838
77.54	0.008255256
77.56	0.009276766
77.58	0.009759608
77.6	0.009455974
77.62	0.009161497
77.64	0.008613608
77.66	0.008083113
77.68	0.007561176
77.7	0.006804905
77.72	0.006316442
77.74	0.005590679
77.76	0.005134791
77.78	0.004441134
77.8	0.004016853
77.82	0.003862051
77.84	0.004467186
77.86	0.004803061
77.88	0.005369759
77.9	0.005921776
77.92	0.006448097
77.94	0.006704064
77.96	0.006940918
77.98	0.00691893
78	0.007142955
78.02	0.007105896
78.04	0.006045876
78.06	0.004515369
78.08	0.003278249
78.1	0.001831655
78.12	0.000423251
78.14	-0.000933742
78.16	-0.002000132
78.18	-0.003024864
78.2	-0.004022465
78.22	-0.004728168
78.24	-0.005664976
78.26	-0.006567296
78.28	-0.007188116
78.3	-0.008032655
78.32	-0.008853072
78.34	-0.009382086
78.36	-0.010147727
78.38	-0.010627949
78.4	-0.011089255
78.42	-0.011528231
78.44	-0.011951524
78.46	-0.012350653
78.48	-0.012732341
78.5	-0.013093158
78.52	-0.013185885
78.54	-0.013515569
78.56	-0.013834166
78.58	-0.013622861
78.6	-0.012145974
78.62	-0.010708114
78.64	-0.009058679
78.66	-0.007455362
78.68	-0.005647451
78.7	-0.004400205
78.72	-0.00344615
78.74	-0.002769942
78.76	-0.002371789
78.78	-0.001728843
78.8	-0.001107041
78.82	-0.000753543
78.84	-0.000158493
78.86	0.000673862
78.88	0.001472719
78.9	0.002252548
78.92	0.003002219
78.94	0.003728645
78.96	0.004174466
78.98	0.004862538
79	0.005773352
79.02	0.006659139
79.04	0.007760265
79.06	0.00908296
79.08	0.009592595
79.1	0.008562353
79.12	0.007556783
79.14	0.006333084
79.16	0.005392772
79.18	0.004230835
79.2	0.003356314
79.22	0.00225661
79.24	0.001694673
79.26	0.001154681
79.28	0.000629711
79.3	0.00037741
79.32	-0.00012509
79.34	-0.000352776
79.36	-0.000574709
79.38	-0.001040851
79.4	-0.001241807
79.42	-0.00168229
79.44	-0.00211442
79.46	-0.003034462
79.48	-0.003671103
79.5	-0.004536801
79.52	-0.005122522
79.54	-0.005679281
79.56	-0.005714025
79.58	-0.005485852
79.6	-0.005012436
79.62	-0.004800538
79.64	-0.004345685
79.66	-0.004149547
79.68	-0.003453914
79.7	-0.002773813
79.72	-0.002118266
79.74	-0.00147763
79.76	-0.000863423
79.78	-0.000260949
79.8	0.000318187
79.82	0.001137467
79.84	0.001671821
79.86	0.002190682
79.88	0.00269259
79.9	0.003433348
79.92	0.003890479
79.94	0.004587226
79.96	0.005003624
79.98	0.00540894
80	0.006048066
80.02	0.006411974
80.04	0.006759058
80.06	0.006842417
80.08	0.007169077
80.1	0.007232402
80.12	0.007285529
80.14	0.007337885
80.16	0.006618707
80.18	0.005670111
80.2	0.004744711
80.22	0.003853841
80.24	0.00298273
80.26	0.001888947
80.28	0.001081312
80.3	0.000301324
80.32	-0.000458173
80.34	-0.001185788
80.36	-0.000880886
80.38	0.000178363
80.4	0.001203733
80.42	0.002194992
80.44	0.003150999
80.46	0.004076569
80.48	0.004967978
80.5	0.005832519
80.52	0.006658909
80.54	0.007462064
80.56	0.008228117
80.58	0.008971973
80.6	0.009682245
80.62	0.010366278
80.64	0.00975104
80.66	0.008903323
80.68	0.007816959
80.7	0.007019484
80.72	0.005985159
80.74	0.004987554
80.76	0.004519655
80.78	0.004829986
80.8	0.004866247
80.82	0.004905108
80.84	0.005188777
80.86	0.00521049
80.88	0.005477328
80.9	0.005482555
80.92	0.005735704
80.94	0.004455744
80.96	0.002704087
80.98	0.000754939
81	-0.000880793
81.02	-0.00271337
81.04	-0.004239451
81.06	-0.005961615
81.08	-0.006871402
81.1	-0.006728923
81.12	-0.006592899
81.14	-0.006453928
81.16	-0.006321384
81.18	-0.005932011
81.2	-0.005811221
81.22	-0.005687308
81.24	-0.005315763
81.26	-0.004695545
81.28	-0.00409806
81.3	-0.003262301
81.32	-0.002454465
81.34	-0.001921221
81.36	-0.001155459
81.38	-0.000666078
81.4	0.000059051
81.42	-0.000758291
81.44	-0.00180539
81.46	-0.003069897
81.48	-0.004292133
81.5	-0.005473401
81.52	-0.006870114
81.54	-0.007962469
81.56	-0.008510179
81.58	-0.008780003
81.6	-0.009041441
81.62	-0.009539097
81.64	-0.00976418
81.66	-0.009974796
81.68	-0.010178133
81.7	-0.010618749
81.72	-0.010282658
81.74	-0.008677957
81.76	-0.00712758
81.78	-0.005616223
81.8	-0.004157723
81.82	-0.002482939
81.84	-0.001121753
81.86	0.000203409
81.88	0.001478717
81.9	0.002465543
81.92	0.003412227
81.94	0.004333857
81.96	0.005218916
81.98	0.006074936
82	0.007151871
82.02	0.007684782
82.04	0.00718132
82.06	0.006441124
82.08	0.00571424
82.1	0.005012413
82.12	0.004071994
82.14	0.002912978
82.16	0.001274869
82.18	-5.01469E-05
82.2	-0.001339604
82.22	-0.002579706
82.24	-0.004037003
82.26	-0.0051892
82.28	-0.005290722
82.3	-0.005381567
82.32	-0.005217461
82.34	-0.005051235
82.36	-0.004892347
82.38	-0.004985142
82.4	-0.004823046
82.42	-0.004658854
82.44	-0.004755909
82.46	-0.004588638
82.48	-0.004934048
82.5	-0.005263331
82.52	-0.005583611
82.54	-0.005885685
82.56	-0.006179245
82.58	-0.006452595
82.6	-0.006717991
82.62	-0.006968709
82.64	-0.006958006
82.66	-0.007192698
82.68	-0.007166307
82.7	-0.007129271
82.72	-0.007096236
82.74	-0.007055219
82.76	-0.007269655
82.78	-0.007214099
82.8	-0.007160433
82.82	-0.00684542
82.84	-0.006286931
82.86	-0.005991498
82.88	-0.005452353
82.9	-0.004922142
82.92	-0.004664021
82.94	-0.00415227
82.96	-0.003912347
82.98	-0.003418569
83	-0.002942509
83.02	-0.002728407
83.04	-0.002271958
83.06	-0.001566938
83.08	-0.000379671
83.1	0.001026609
83.12	0.002385895
83.14	0.003449456
83.16	0.00472964
83.18	0.005969256
83.2	0.00716706
83.22	0.008323124
83.24	0.009436276
83.26	0.010257778
83.28	0.011299906
83.3	0.012305464
83.32	0.013016793
83.34	0.013703691
83.36	0.014354671
83.38	0.014984812
83.4	0.015328685
83.42	0.015909843
83.44	0.016462029
83.46	0.01699015
83.48	0.017490272
83.5	0.017969782
83.52	0.018163336
83.54	0.01758656
83.56	0.016760442
83.58	0.015705221
83.6	0.014922155
83.62	0.013906934
83.64	0.013165845
83.66	0.012192045
83.68	0.011237939
83.7	0.010566609
83.72	0.009654587
83.74	0.0090222
83.76	0.007892248
83.78	0.006544564
83.8	0.00523634
83.82	0.003966359
83.84	0.002732144
83.86	0.001283694
83.88	0.000132005
83.9	-0.00098136
83.92	-0.002063949
83.94	-0.003104305
83.96	-0.004117595
83.98	-0.005343633
84	-0.006281542
84.02	-0.006928207
84.04	-0.007045734
84.06	-0.007408242
84.08	-0.007506839
84.1	-0.007594358
84.12	-0.007680545
84.14	-0.008009746
84.16	-0.00807567
84.18	-0.00813111
84.2	-0.008437203
84.22	-0.008473427
84.24	-0.008509282
84.26	-0.008027545
84.28	-0.00756231
84.3	-0.007357673
84.32	-0.006907023
84.34	-0.006465394
84.36	-0.006037188
84.38	-0.005615189
84.4	-0.005462711
84.42	-0.005051448
84.44	-0.004658225
84.46	-0.004270722
84.48	-0.003898371
84.5	-0.003785279
84.52	-0.003170994
84.54	-0.002318891
84.56	-0.001495441
84.58	-0.000693169
84.6	7.62347E-05
84.62	0.000827868
84.64	0.00154995
84.66	0.001998657
84.68	0.002678318
84.7	0.003341713
84.72	0.003977014
84.74	0.004845633
84.76	0.005427332
84.78	0.006245734
84.8	0.006773076
84.82	0.007286718
84.84	0.008028726
84.86	0.008490532
84.88	0.008930274
84.9	0.008339948
84.92	0.007505159
84.94	0.00669758
84.96	0.005909697
84.98	0.005145792
85	0.004398441
85.02	0.003169285
85.04	0.002229036
85.06	0.001065714
85.08	-6.11197E-05
85.1	-0.001152429
85.12	-0.002213385
85.14	-0.002978477
85.16	-0.003979102
85.18	-0.004938722
85.2	-0.005872655
85.22	-0.006769177
85.24	-0.007382193
85.26	-0.008223636
85.28	-0.009038869
85.3	-0.009308491
85.32	-0.009572185
85.34	-0.010071777
85.36	-0.010301178
85.38	-0.01051074
85.4	-0.010969347
85.42	-0.011148894
85.44	-0.011321649
85.46	-0.01147814
85.48	-0.011879658
85.5	-0.01200575
85.52	-0.012126068
85.54	-0.012231164
85.56	-0.011823211
85.58	-0.011670971
85.6	-0.011268046
85.62	-0.010866975
85.64	-0.010477425
85.66	-0.010340963
85.68	-0.009956285
85.7	-0.009573322
85.72	-0.009455629
85.74	-0.008823489
85.76	-0.007703379
85.78	-0.006355889
85.8	-0.005306328
85.82	-0.004030811
85.84	-0.00279571
85.86	-0.001849642
85.88	-0.000680619
85.9	-5.09378E-05
85.92	0.000554616
85.94	0.001143621
85.96	0.001457818
85.98	0.002020733
86	0.002560593
86.02	0.003087422
86.04	0.003337928
86.06	0.003835672
86.08	0.004313969
86.1	0.005034079
86.12	0.00597826
86.14	0.006891935
86.16	0.007771017
86.18	0.008620684
86.2	0.009436837
86.22	0.010224643
86.24	0.010979994
86.26	0.011202828
86.28	0.011154475
86.3	0.01085323
86.32	0.010805511
86.34	0.010504974
86.36	0.010204149
86.38	0.009912759
86.4	0.009874853
86.42	0.009584117
86.44	0.009293049
86.46	0.009013893
86.48	0.008983116
86.5	0.008702068
86.52	0.008420642
86.54	0.008402478
86.56	0.008121669
86.58	0.008104158
86.6	0.007824071
86.62	0.007807315
86.64	0.00752805
86.66	0.007258294
86.68	0.007242129
86.7	0.006973201
86.72	0.006957894
86.74	0.006689888
86.76	0.006675533
86.78	0.006154686
86.8	0.00564199
86.82	0.005147105
86.84	0.004660004
86.86	0.003936495
86.88	0.003485077
86.9	0.003048056
86.92	0.002617949
86.94	0.001950608
86.96	0.001552015
86.98	0.001169577
87	0.000539361
87.02	0.000187144
87.04	-0.000156962
87.06	-0.000742154
87.08	-0.001059864
87.1	-0.001616531
87.12	-0.002413893
87.14	-0.002923793
87.16	-0.003677661
87.18	-0.004401138
87.2	-0.00510203
87.22	-0.005773449
87.24	-0.006428169
87.26	-0.006800298
87.28	-0.007413661
87.3	-0.00800154
87.32	-0.008571603
87.34	-0.009111914
87.36	-0.009637762
87.38	-0.009629413
87.4	-0.009621452
87.42	-0.009350323
87.44	-0.009088116
87.46	-0.008825006
87.48	-0.008570745
87.5	-0.008315511
87.52	-0.008069055
87.54	-0.007821556
87.56	-0.007582765
87.58	-0.007596715
87.6	-0.007103269
87.62	-0.006617088
87.64	-0.005893984
87.66	-0.005439983
87.68	-0.004751085
87.7	-0.004074375
87.72	-0.003422009
87.74	-0.002783801
87.76	-0.00216934
87.78	-0.001822297
87.8	-0.001238724
87.82	-0.000665685
87.84	-0.000115386
87.86	0.000422379
87.88	0.000937971
87.9	0.001439102
87.92	0.001921187
87.94	0.002391849
87.96	0.00284144
87.98	0.003026294
88	0.003450304
88.02	0.0038689
88.04	0.00426476
88.06	0.004650669
88.08	0.004763077
88.1	0.005125738
88.12	0.00547171
88.14	0.005554736
88.16	0.005881181
88.18	0.005945055
88.2	0.006252684
88.22	0.006549473
88.24	0.006576883
88.26	0.006858601
88.28	0.007122576
88.3	0.007125141
88.32	0.006864906
88.34	0.006360258
88.36	0.005609529
88.38	0.005138539
88.4	0.004420985
88.42	0.003985146
88.44	0.003299699
88.46	0.002892976
88.48	0.002238751
88.5	0.001862755
88.52	0.001238801
88.54	0.000641225
88.56	5.48532E-05
88.58	-0.00076208
88.6	-0.001811354
88.62	-0.002565045
88.64	-0.003300769
88.66	-0.004257942
88.68	-0.0049358
88.7	-0.00558469
88.72	-0.006214845
88.74	-0.007068205
88.76	-0.007644019
88.78	-0.008192586
88.8	-0.008975519
88.82	-0.009726221
88.84	-0.010449994
88.86	-0.011142567
88.88	-0.01180923
88.9	-0.012697067
88.92	-0.013302873
88.94	-0.013874539
88.96	-0.014427485
88.98	-0.014695892
89	-0.013683027
89.02	-0.012690271
89.04	-0.011219503
89.06	-0.010041134
89.08	-0.008897277
89.1	-0.007780029
89.12	-0.006701398
89.14	-0.005392005
89.16	-0.004379981
89.18	-0.003395059
89.2	-0.00168012
